use external trigger (y/n)? do reference run (y/n)? 
EIB firmware version: 63328110

using external trigger
Start Reference Run Now


press Ctrl-C to stop

0000038416,207.468002
0000038516,207.468002
0000038616,207.468002
0000038716,207.468002
0000038816,207.468002
0000038917,207.468002
0000039017,207.468002
0000039117,207.468002
0000039217,207.468002
0000039317,207.468002
0000039417,207.468002
0000039518,207.468002
0000039618,207.468002
0000039718,207.468002
0000039818,207.468002
0000039918,207.468002
0000040019,207.468002
0000040119,207.468002
0000040219,207.468002
0000040319,207.468002
0000084907,220.391998
0000085008,220.391998
0000085108,220.356003
0000085208,220.283997
0000085308,220.212006
0000085408,220.104004
0000085509,219.996002
0000085609,219.906006
0000085709,219.798004
0000085809,219.690002
0000085909,219.582001
0000086010,219.473999
0000086110,219.365997
0000086210,219.276001
0000086310,219.167999
0000086410,219.059998
0000086511,218.951996
0000086611,218.843994
0000086711,218.735992
0000086811,218.645996
0000086911,218.537994
0000087012,218.429993
0000087112,218.322006
0000087212,218.214005
0000087312,218.106003
0000087412,217.998001
0000087513,217.908005
0000087613,217.800003
0000087713,217.692001
0000087813,217.584000
0000087913,217.475998
0000088014,217.367996
0000088114,217.259995
0000088214,217.151993
0000088314,217.044006
0000088414,216.953995
0000088515,216.845993
0000088615,216.738007
0000088715,216.630005
0000088815,216.522003
0000088915,216.414001
0000089016,216.306000
0000089116,216.197998
0000089216,216.108002
0000089316,216.000000
0000093925,211.139999
0000094026,211.031998
0000094126,210.923996
0000094226,210.815994
0000094326,210.725998
0000094426,210.617996
0000094527,210.509995
0000094627,210.401993
0000094727,210.294006
0000094827,210.186005
0000094927,210.078003
0000095028,209.970001
0000095128,209.880005
0000095228,209.772003
0000095328,209.664001
0000095428,209.556000
0000095528,209.447998
0000095629,209.339996
0000095729,209.231995
0000095829,209.123993
0000095929,209.033997
0000096029,208.925995
0000096130,208.817993
0000096230,208.710007
0000096330,208.602005
0000096430,208.494003
0000096530,208.386002
0000096631,208.296005
0000096731,208.188004
0000096831,208.080002
0000096931,207.972000
0000097031,207.863998
0000097132,207.755997
0000097232,207.666000
0000097332,207.557999
0000097432,207.449997
0000097532,207.341995
0000097633,207.233994
0000097733,207.126007
0000097833,207.018005
0000097933,206.910004
0000098033,206.820007
0000098134,206.712006
0000098234,206.604004
0000098334,206.496002
0000103043,201.528000
0000103144,201.419998
0000103244,201.311996
0000103344,201.222000
0000103444,201.113998
0000103544,201.005997
0000103645,200.897995
0000103745,200.789993
0000103845,200.682007
0000103945,200.591995
0000104045,200.483994
0000104146,200.376007
0000104246,200.268005
0000104346,200.160004
0000104446,200.052002
0000104546,199.944000
0000104647,199.835999
0000104747,199.746002
0000104847,199.638000
0000104947,199.529999
0000105047,199.421997
0000105148,199.313995
0000105248,199.205994
0000105348,199.098007
0000105448,198.990005
0000105548,198.882004
0000105649,198.792007
0000105749,198.684006
0000105849,198.576004
0000105949,198.468002
0000106049,198.360001
0000106150,198.251999
0000106250,198.143997
0000106350,198.054001
0000106450,197.945999
0000106550,197.837997
0000106650,197.729996
0000106751,197.621994
0000106851,197.514008
0000106951,197.406006
0000107051,197.315994
0000107151,197.207993
0000107252,197.100006
0000107352,196.992004
0000107452,196.884003
0000118073,192.311996
0000118173,192.311996
0000118273,192.311996
0000118374,192.330002
0000118474,192.348007
0000118574,192.401993
0000118674,192.492004
0000118774,192.582001
0000118875,192.690002
0000118975,192.779999
0000119075,192.888000
0000119175,192.996002
0000119275,193.104004
0000119376,193.194000
0000119476,193.302002
0000119576,193.410004
0000119676,193.518005
0000119776,193.626007
0000119877,193.733994
0000119977,193.841995
0000120077,193.932007
0000120177,194.039993
0000120277,194.147995
0000120378,194.255997
0000120478,194.363998
0000120578,194.472000
0000120678,194.580002
0000120778,194.669998
0000120879,194.778000
0000120979,194.886002
0000121079,194.994003
0000121179,195.102005
0000121279,195.210007
0000121380,195.317993
0000121480,195.425995
0000121580,195.516006
0000121680,195.623993
0000121780,195.731995
0000121881,195.839996
0000121981,195.947998
0000122081,196.056000
0000122181,196.164001
0000122281,196.272003
0000122382,196.362000
0000122482,196.470001
0000127091,201.348007
0000127191,201.438004
0000127291,201.546005
0000127392,201.654007
0000127492,201.761993
0000127592,201.869995
0000127692,201.977997
0000127792,202.085999
0000127893,202.175995
0000127993,202.283997
0000128093,202.391998
0000128193,202.500000
0000128293,202.608002
0000128394,202.716003
0000128494,202.824005
0000128594,202.932007
0000128694,203.022003
0000128794,203.130005
0000128894,203.238007
0000128995,203.345993
0000129095,203.453995
0000129195,203.561996
0000129295,203.669998
0000129395,203.778000
0000129496,203.867996
0000129596,203.975998
0000129696,204.084000
0000129796,204.192001
0000129896,204.300003
0000129997,204.408005
0000130097,204.516006
0000130197,204.623993
0000130297,204.714005
0000130397,204.822006
0000130498,204.929993
0000130598,205.037994
0000130698,205.145996
0000130798,205.253998
0000130898,205.362000
0000130999,205.451996
0000131099,205.559998
0000131199,205.667999
0000131299,205.776001
0000131399,205.884003
0000131500,205.992004
0000136109,210.852005
0000136209,210.960007
0000136309,211.067993
0000136409,211.175995
0000136510,211.266006
0000136610,211.373993
0000136710,211.481995
0000136810,211.589996
0000136910,211.697998
0000137011,211.806000
0000137111,211.914001
0000137211,212.022003
0000137311,212.112000
0000137411,212.220001
0000137512,212.328003
0000137612,212.436005
0000137712,212.544006
0000137812,212.651993
0000137912,212.759995
0000138013,212.850006
0000138113,212.957993
0000138213,213.065994
0000138313,213.173996
0000138413,213.281998
0000138514,213.389999
0000138614,213.498001
0000138714,213.606003
0000138814,213.695999
0000138914,213.804001
0000139015,213.912003
0000139115,214.020004
0000139215,214.128006
0000139315,214.235992
0000139415,214.343994
0000139516,214.451996
0000139616,214.542007
0000139716,214.649994
0000139816,214.757996
0000139916,214.865997
0000140016,214.973999
0000140117,215.082001
0000140217,215.190002
0000140317,215.279999
0000140417,215.388000
0000140517,215.496002
0000179394,220.356003
0000179495,220.337997
0000179595,220.302002
0000179695,220.229996
0000179795,220.139999
0000179895,220.031998
0000179996,219.942001
0000180096,219.834000
0000180196,219.725998
0000180296,219.617996
0000180396,219.509995
0000180497,219.419998
0000180597,219.311996
0000180697,219.203995
0000180797,219.095993
0000180897,218.988007
0000180998,218.880005
0000181098,218.772003
0000181198,218.682007
0000181298,218.574005
0000181398,218.466003
0000181499,218.358002
0000181599,218.250000
0000181699,218.141998
0000181799,218.033997
0000181899,217.944000
0000182000,217.835999
0000182100,217.727997
0000182200,217.619995
0000182300,217.511993
0000182400,217.404007
0000182501,217.296005
0000182601,217.188004
0000182701,217.080002
0000182801,216.990005
0000182901,216.882004
0000183002,216.774002
0000183102,216.666000
0000183202,216.557999
0000183302,216.449997
0000183402,216.341995
0000183503,216.233994
0000183603,216.143997
0000183703,216.035995
0000183803,215.927994
0000183903,215.820007
0000184004,215.712006
0000184104,215.604004
0000184204,215.514008
0000184304,215.406006
0000184404,215.298004
0000184505,215.190002
0000184605,215.082001
0000184705,214.973999
0000184805,214.865997
0000184905,214.776001
0000185005,214.667999
0000185106,214.559998
0000185206,214.451996
0000185306,214.343994
0000185406,214.235992
0000185506,214.128006
0000185607,214.020004
0000185707,213.929993
0000185807,213.822006
0000185907,213.714005
0000186007,213.606003
0000186108,213.498001
0000186208,213.389999
0000186308,213.281998
0000186408,213.173996
0000186508,213.084000
0000186609,212.975998
0000186709,212.867996
0000186809,212.759995
0000186909,212.651993
0000187009,212.544006
0000187110,212.436005
0000187210,212.345993
0000187310,212.238007
0000187410,212.130005
0000187510,212.022003
0000187611,211.914001

Stopped on user request
