use external trigger (y/n)? do reference run (y/n)? 
EIB firmware version: 63328110

using internal timer trigger
Start Reference Run Now


press Ctrl-C to stop

0240089112,207.089996
0240089212,206.964005
0240089312,206.837997
0240089412,206.748001
0240089512,206.658005
0240089612,206.585999
0240089712,206.531998
0240089812,206.477997
0240089912,206.442001
0240090012,206.423996
0240090112,206.423996
0240090212,206.423996
0240090312,206.423996
0240090412,206.423996
0240090512,206.423996
0240090612,206.460007
0240090712,206.496002
0240090812,206.585999
0240090912,206.694000
0240091012,206.820007
0240091112,206.964005
0240091212,207.108002
0240091312,207.233994
0240091412,207.378006
0240091512,207.522003
0240091612,207.666000
0240091712,207.809998
0240091812,207.936005
0240091912,208.080002
0240092012,208.223999
0240092112,208.367996
0240092212,208.511993
0240092312,208.656006
0240092412,208.781998
0240092512,208.925995
0240092612,209.070007
0240092712,209.214005
0240092812,209.358002
0240092912,209.483994
0240093012,209.628006
0240093112,209.772003
0240093212,209.916000
0240093312,210.059998
0240093412,210.186005
0240093512,210.330002
0240093612,210.473999
0240093712,210.617996
0240093812,210.761993
0240093912,210.888000
0240094012,211.031998
0240094112,211.175995
0240094212,211.320007
0240094312,211.464005
0240094412,211.608002
0240094512,211.733994
0240094612,211.878006
0240094712,212.022003
0240094812,212.166000
0240094912,212.309998
0240095012,212.436005
0240095112,212.580002
0240095212,212.723999
0240095312,212.867996
0240095412,213.011993
0240095512,213.138000
0240095612,213.281998
0240095712,213.425995
0240095812,213.570007
0240095912,213.714005
0240096012,213.858002
0240096112,213.983994
0240096212,214.128006
0240096312,214.272003
0240096412,214.416000
0240096512,214.559998
0240096612,214.686005
0240096712,214.830002
0240096812,214.973999
0240096912,215.117996
0240097012,215.261993
0240097112,215.388000
0240097212,215.531998
0240097312,215.675995
0240097412,215.820007
0240097512,215.964005
0240097612,216.089996
0240097712,216.233994
0240097812,216.378006
0240097912,216.522003
0240098012,216.647995
0240098112,216.774002
0240098212,216.899994
0240098312,216.990005
0240098412,217.080002
0240098512,217.151993
0240098612,217.205994
0240098712,217.242004
0240098812,217.278000
0240098912,217.278000
0240099012,217.278000
0240099112,217.278000
0240099212,217.278000
0240099312,217.278000
0240099412,217.278000
0240099512,217.296005
0240099612,217.296005
0240099712,217.296005
0240099812,217.296005
0240099912,217.296005
0240100012,217.296005
0240100112,217.296005
0240100212,217.296005
0240100312,217.296005
0240100412,217.296005
0240100512,217.296005
0240100612,217.296005
0240100712,217.296005
0240100812,217.296005
0240100912,217.296005
0240101012,217.296005
0240101112,217.296005
0240101212,217.296005
0240101312,217.296005
0240101412,217.296005
0240101512,217.296005
0240101612,217.278000
0240101712,217.278000
0240101812,217.278000
0240101912,217.242004
0240102012,217.169998
0240102112,217.061996
0240102212,216.953995
0240102312,216.809998
0240102412,216.684006
0240102512,216.539993
0240102612,216.395996
0240102712,216.251999
0240102812,216.108002
0240102912,215.964005
0240103012,215.837997
0240103112,215.694000
0240103212,215.550003
0240103312,215.423996
0240103412,215.279999
0240103512,215.136002
0240103612,214.992004
0240103712,214.848007
0240103812,214.722000
0240103912,214.559998
0240104012,214.434006
0240104112,214.289993
0240104212,214.145996
0240104312,214.001999
0240104412,213.858002
0240104512,213.731995
0240104612,213.587997
0240104712,213.444000
0240104812,213.300003
0240104912,213.156006
0240105012,213.011993
0240105112,212.886002
0240105212,212.742004
0240105312,212.598007
0240105412,212.472000
0240105512,212.328003
0240105612,212.184006
0240105712,212.039993
0240105812,211.895996
0240105912,211.770004
0240106012,211.626007
0240106112,211.481995
0240106212,211.337997
0240106312,211.194000
0240106412,211.067993
0240106512,210.923996
0240106612,210.779999
0240106712,210.636002
0240106812,210.492004
0240106912,210.348007
0240107012,210.222000
0240107112,210.078003
0240107212,209.934006
0240107312,209.789993
0240107412,209.645996
0240107512,209.520004
0240107612,209.376007
0240107712,209.231995
0240107812,209.087997
0240107912,208.944000
0240108012,208.817993
0240108112,208.673996
0240108212,208.529999
0240108312,208.386002
0240108412,208.242004
0240108512,208.115997
0240108612,207.972000
0240108712,207.828003
0240108812,207.684006
0240108912,207.539993
0240109012,207.414001
0240109112,207.270004
0240109212,207.126007
0240109312,206.981995
0240109412,206.837997
0240109512,206.694000
0240109612,206.567993
0240109712,206.423996
0240109812,206.279999
0240109912,206.136002
0240110012,205.992004
0240110112,205.865997
0240110212,205.722000
0240110312,205.578003
0240110412,205.434006
0240110512,205.289993
0240110612,205.164001
0240110712,205.020004
0240110812,204.876007
0240110912,204.731995
0240111012,204.606003
0240111112,204.462006
0240111212,204.317993
0240111312,204.173996
0240111412,204.048004
0240111512,203.940002
0240111612,203.850006
0240111712,203.778000
0240111812,203.705994
0240111912,203.651993
0240112012,203.615997
0240112112,203.580002
0240112212,203.561996
0240112312,203.580002
0240112412,203.580002
0240112512,203.580002
0240112612,203.580002
0240112712,203.580002
0240112812,203.615997
0240112912,203.669998
0240113012,203.759995
0240113112,203.886002
0240113212,204.011993
0240113312,204.156006
0240113412,204.281998
0240113512,204.425995
0240113612,204.570007
0240113712,204.714005
0240113812,204.858002
0240113912,204.983994
0240114012,205.128006
0240114112,205.272003
0240114212,205.416000
0240114312,205.559998
0240114412,205.686005
0240114512,205.830002
0240114612,205.973999
0240114712,206.117996
0240114812,206.261993
0240114912,206.406006
0240115012,206.531998
0240115112,206.675995
0240115212,206.820007
0240115312,206.964005
0240115412,207.108002
0240115512,207.233994
0240115612,207.378006
0240115712,207.522003
0240115812,207.666000
0240115912,207.809998
0240116012,207.936005
0240116112,208.080002
0240116212,208.223999
0240116312,208.367996
0240116412,208.494003
0240116512,208.619995
0240116612,208.710007
0240116712,208.800003
0240116812,208.871994
0240116912,208.925995
0240117012,208.979996
0240117112,209.016006
0240117212,209.033997
0240117312,209.033997
0240117412,209.033997
0240117512,209.033997
0240117612,209.033997
0240117712,209.033997
0240117812,209.016006
0240117912,208.962006
0240118012,208.889999
0240118112,208.781998
0240118212,208.656006
0240118312,208.511993
0240118412,208.367996
0240118512,208.242004
0240118612,208.098007
0240118712,207.953995
0240118812,207.809998
0240118912,207.666000
0240119012,207.539993
0240119112,207.395996
0240119212,207.251999
0240119312,207.108002
0240119412,206.964005
0240119512,206.820007
0240119612,206.694000
0240119712,206.550003
0240119812,206.406006
0240119912,206.261993
0240120012,206.117996
0240120112,205.992004
0240120212,205.848007
0240120312,205.703995
0240120412,205.559998
0240120512,205.416000
0240120612,205.289993
0240120712,205.145996
0240120812,205.001999
0240120912,204.858002
0240121012,204.714005
0240121112,204.587997
0240121212,204.444000
0240121312,204.300003
0240121412,204.156006
0240121512,204.011993
0240121612,203.886002
0240121712,203.742004
0240121812,203.598007
0240121912,203.453995
0240122012,203.309998
0240122112,203.166000
0240122212,203.039993
0240122312,202.895996
0240122412,202.751999
0240122512,202.608002
0240122612,202.464005
0240122712,202.337997
0240122812,202.194000
0240122912,202.085999
0240123012,201.977997
0240123112,201.888000
0240123212,201.815994
0240123312,201.761993
0240123412,201.707993
0240123512,201.671997
0240123612,201.654007
0240123712,201.636002
0240123812,201.636002
0240123912,201.636002
0240124012,201.636002
0240124112,201.636002
0240124212,201.636002
0240124312,201.636002
0240124412,201.636002
0240124512,201.636002
0240124612,201.636002
0240124712,201.636002
0240124812,201.636002
0240124912,201.636002
0240125012,201.636002
0240125112,201.636002
0240125212,201.636002
0240125312,201.636002
0240125412,201.636002
0240125512,201.636002
0240125612,201.636002
0240125712,201.636002
0240125812,201.636002
0240125912,201.636002
0240126012,201.636002
0240126112,201.636002
0240126212,201.636002
0240126312,201.636002
0240126412,201.636002
0240126512,201.600006
0240126612,201.563995
0240126712,201.492004
0240126812,201.419998
0240126912,201.330002
0240127012,201.240005
0240127112,201.113998
0240127212,200.988007
0240127312,200.862000
0240127412,200.718002
0240127512,200.574005
0240127612,200.429993
0240127712,200.285995
0240127812,200.160004
0240127912,200.016006
0240128012,199.871994
0240128112,199.727997
0240128212,199.584000
0240128312,199.457993
0240128412,199.296005
0240128512,199.169998
0240128612,199.026001
0240128712,198.882004
0240128812,198.738007
0240128912,198.593994
0240129012,198.468002
0240129112,198.324005
0240129212,198.179993
0240129312,198.035995
0240129412,197.910004
0240129512,197.766006
0240129612,197.621994
0240129712,197.477997
0240129812,197.334000
0240129912,197.207993
0240130012,197.063995
0240130112,196.919998
0240130212,196.776001
0240130312,196.632004
0240130412,196.505997
0240130512,196.362000
0240130612,196.218002
0240130712,196.074005
0240130812,195.929993
0240130912,195.785995
0240131012,195.660004
0240131112,195.516006
0240131212,195.371994
0240131312,195.227997
0240131412,195.102005
0240131512,194.994003
0240131612,194.904007
0240131712,194.813995
0240131812,194.759995
0240131912,194.705994
0240132012,194.651993
0240132112,194.634003
0240132212,194.615997
0240132312,194.615997
0240132412,194.615997
0240132512,194.615997
0240132612,194.615997
0240132712,194.615997
0240132812,194.615997
0240132912,194.615997
0240133012,194.615997
0240133112,194.615997
0240133212,194.615997
0240133312,194.615997
0240133412,194.615997
0240133512,194.615997
0240133612,194.615997
0240133712,194.615997
0240133812,194.615997
0240133912,194.615997
0240134012,194.615997
0240134112,194.615997
0240134212,194.615997
0240134312,194.615997
0240134412,194.615997
0240134512,194.615997
0240134612,194.615997
0240134712,194.615997
0240134812,194.615997
0240134912,194.615997
0240135012,194.615997
0240135112,194.615997
0240135212,194.615997
0240135312,194.615997
0240135412,194.615997
0240135512,194.615997
0240135612,194.615997
0240135712,194.615997
0240135812,194.615997
0240135912,194.615997
0240136012,194.615997
0240136112,194.615997
0240136212,194.615997
0240136312,194.615997
0240136412,194.598007
0240136512,194.580002
0240136612,194.526001
0240136712,194.472000
0240136812,194.399994
0240136912,194.309998
0240137012,194.220001
0240137112,194.112000
0240137212,193.985992
0240137312,193.841995
0240137412,193.697998
0240137512,193.554001
0240137612,193.410004
0240137712,193.283997
0240137812,193.139999
0240137912,192.996002
0240138012,192.852005
0240138112,192.707993
0240138212,192.582001
0240138312,192.438004
0240138412,192.294006
0240138512,192.149994
0240138612,192.005997
0240138712,191.880005
0240138812,191.735992
0240138912,191.591995
0240139012,191.447998
0240139112,191.304001
0240139212,191.160004
0240139312,191.033997
0240139412,190.889999
0240139512,190.746002
0240139612,190.602005
0240139712,190.457993
0240139812,190.332001
0240139912,190.188004
0240140012,190.044006
0240140112,189.917999
0240140212,189.755997
0240140312,189.630005
0240140412,189.485992
0240140512,189.341995
0240140612,189.216003
0240140712,189.054001
0240140812,188.927994
0240140912,188.783997
0240141012,188.639999
0240141112,188.496002
0240141212,188.352005
0240141312,188.207993
0240141412,188.100006
0240141512,187.973999
0240141612,187.884003
0240141712,187.794006
0240141812,187.740005
0240141912,187.667999
0240142012,187.632004
0240142112,187.613998
0240142212,187.595993
0240142312,187.595993
0240142412,187.595993
0240142512,187.595993
0240142612,187.578003
0240142712,187.595993
0240142812,187.578003
0240142912,187.578003
0240143012,187.578003
0240143112,187.578003
0240143212,187.578003
0240143312,187.578003
0240143412,187.578003
0240143512,187.578003
0240143612,187.578003
0240143712,187.578003
0240143812,187.578003
0240143912,187.578003
0240144012,187.578003
0240144112,187.578003
0240144212,187.578003
0240144312,187.578003
0240144412,187.578003
0240144512,187.578003
0240144612,187.578003
0240144712,187.578003
0240144812,187.578003
0240144912,187.578003
0240145012,187.578003
0240145112,187.578003
0240145212,187.578003
0240145312,187.578003
0240145412,187.578003
0240145512,187.578003
0240145612,187.578003
0240145712,187.578003
0240145812,187.578003
0240145912,187.578003
0240146012,187.578003
0240146112,187.578003
0240146212,187.578003
0240146312,187.578003
0240146412,187.578003
0240146512,187.559998
0240146612,187.505997
0240146712,187.451996
0240146812,187.380005
0240146912,187.289993
0240147012,187.199997
0240147112,187.091995
0240147212,186.966003
0240147312,186.822006
0240147412,186.695999
0240147512,186.552002
0240147612,186.408005
0240147712,186.264008
0240147812,186.119995
0240147912,185.994003
0240148012,185.832001
0240148112,185.705994
0240148212,185.561996
0240148312,185.417999
0240148412,185.274002
0240148512,185.130005
0240148612,185.003998
0240148712,184.860001
0240148812,184.716003
0240148912,184.572006
0240149012,184.427994
0240149112,184.283997
0240149212,184.158005
0240149312,184.014008
0240149412,183.869995
0240149512,183.725998
0240149612,183.582001
0240149712,183.455994
0240149812,183.311996
0240149912,183.167999
0240150012,183.042007
0240150112,182.897995
0240150212,182.753998
0240150312,182.610001
0240150412,182.466003
0240150512,182.339996
0240150612,182.195999
0240150712,182.052002
0240150812,181.908005
0240150912,181.764008
0240151012,181.619995
0240151112,181.494003
0240151212,181.332001
0240151312,181.205994
0240151412,181.080002
0240151512,180.972000
0240151612,180.863998
0240151712,180.774002
0240151812,180.701996
0240151912,180.647995
0240152012,180.612000
0240152112,180.576004
0240152212,180.557999
0240152312,180.557999
0240152412,180.557999
0240152512,180.557999
0240152612,180.557999
0240152712,180.557999
0240152812,180.557999
0240152912,180.557999
0240153012,180.557999
0240153112,180.557999
0240153212,180.557999
0240153312,180.557999
0240153412,180.557999
0240153512,180.557999
0240153612,180.557999
0240153712,180.557999
0240153812,180.557999
0240153912,180.557999
0240154012,180.557999
0240154112,180.557999
0240154212,180.557999
0240154312,180.557999
0240154412,180.557999
0240154512,180.557999
0240154612,180.557999
0240154712,180.557999
0240154812,180.557999
0240154912,180.557999
0240155012,180.557999
0240155112,180.557999
0240155212,180.557999
0240155312,180.557999
0240155412,180.557999
0240155512,180.557999
0240155612,180.557999
0240155712,180.557999
0240155812,180.557999
0240155912,180.557999
0240156012,180.557999
0240156112,180.557999
0240156212,180.557999
0240156312,180.557999
0240156412,180.557999
0240156512,180.557999
0240156612,180.557999
0240156712,180.557999
0240156812,180.557999
0240156912,180.576004
0240157012,180.630005
0240157112,180.720001
0240157212,180.828003
0240157312,180.972000
0240157412,181.098007
0240157512,181.242004
0240157612,181.386002
0240157712,181.529999
0240157812,181.656006
0240157912,181.800003
0240158012,181.944000
0240158112,182.087997
0240158212,182.231995
0240158312,182.376007
0240158412,182.501999
0240158512,182.645996
0240158612,182.789993
0240158712,182.934006
0240158812,183.078003
0240158912,183.203995
0240159012,183.348007
0240159112,183.492004
0240159212,183.636002
0240159312,183.779999
0240159412,183.906006
0240159512,184.050003
0240159612,184.194000
0240159712,184.337997
0240159812,184.481995
0240159912,184.626007
0240160012,184.751999
0240160112,184.895996
0240160212,185.039993
0240160312,185.184006
0240160412,185.328003
0240160512,185.453995
0240160612,185.615997
0240160712,185.742004
0240160812,185.886002
0240160912,186.029999
0240161012,186.173996
0240161112,186.317993
0240161212,186.444000
0240161312,186.587997
0240161412,186.714005
0240161512,186.822006
0240161612,186.929993
0240161712,187.001999
0240161812,187.074005
0240161912,187.145996
0240162012,187.182007
0240162112,187.218002
0240162212,187.218002
0240162312,187.235992
0240162412,187.235992
0240162512,187.235992
0240162612,187.235992
0240162712,187.235992
0240162812,187.235992
0240162912,187.235992
0240163012,187.235992
0240163112,187.235992
0240163212,187.235992
0240163312,187.235992
0240163412,187.235992
0240163512,187.235992
0240163612,187.235992
0240163712,187.235992
0240163812,187.235992
0240163912,187.235992
0240164012,187.235992
0240164112,187.235992
0240164212,187.235992
0240164312,187.235992
0240164412,187.235992
0240164512,187.235992
0240164612,187.235992
0240164712,187.235992
0240164812,187.235992
0240164912,187.235992
0240165012,187.235992
0240165112,187.235992
0240165212,187.235992
0240165312,187.235992
0240165412,187.235992
0240165512,187.235992
0240165612,187.235992
0240165712,187.235992
0240165812,187.235992
0240165912,187.235992
0240166012,187.235992
0240166112,187.235992
0240166212,187.235992
0240166312,187.235992
0240166412,187.235992
0240166512,187.272003
0240166612,187.307999
0240166712,187.362000
0240166812,187.434006
0240166912,187.505997
0240167012,187.613998
0240167112,187.722000
0240167212,187.848007
0240167312,187.992004
0240167412,188.117996
0240167512,188.261993
0240167612,188.406006
0240167712,188.550003
0240167812,188.694000
0240167912,188.837997
0240168012,188.964005
0240168112,189.108002
0240168212,189.251999
0240168312,189.395996
0240168412,189.539993
0240168512,189.666000
0240168612,189.809998
0240168712,189.953995
0240168812,190.098007
0240168912,190.242004
0240169012,190.367996
0240169112,190.511993
0240169212,190.656006
0240169312,190.800003
0240169412,190.944000
0240169512,191.087997
0240169612,191.214005
0240169712,191.358002
0240169812,191.501999
0240169912,191.645996
0240170012,191.789993
0240170112,191.916000
0240170212,192.059998
0240170312,192.203995
0240170412,192.348007
0240170512,192.492004
0240170612,192.636002
0240170712,192.761993
0240170812,192.906006
0240170912,193.050003
0240171012,193.194000
0240171112,193.337997
0240171212,193.464005
0240171312,193.608002
0240171412,193.733994
0240171512,193.860001
0240171612,193.949997
0240171712,194.039993
0240171812,194.112000
0240171912,194.166000
0240172012,194.220001
0240172112,194.238007
0240172212,194.255997
0240172312,194.274002
0240172412,194.274002
0240172512,194.274002
0240172612,194.274002
0240172712,194.274002
0240172812,194.274002
0240172912,194.274002
0240173012,194.274002
0240173112,194.274002
0240173212,194.274002
0240173312,194.274002
0240173412,194.274002
0240173512,194.274002
0240173612,194.274002
0240173712,194.274002
0240173812,194.274002
0240173912,194.274002
0240174012,194.274002
0240174112,194.274002
0240174212,194.274002
0240174312,194.274002
0240174412,194.274002
0240174512,194.274002
0240174612,194.274002
0240174712,194.274002
0240174812,194.274002
0240174912,194.274002
0240175012,194.274002
0240175112,194.274002
0240175212,194.274002
0240175312,194.274002
0240175412,194.274002
0240175512,194.274002
0240175612,194.274002
0240175712,194.274002
0240175812,194.274002
0240175912,194.274002
0240176012,194.274002
0240176112,194.274002
0240176212,194.274002
0240176312,194.274002
0240176412,194.274002
0240176512,194.292007
0240176612,194.345993
0240176712,194.399994
0240176812,194.472000
0240176912,194.544006
0240177012,194.634003
0240177112,194.742004
0240177212,194.867996
0240177312,195.011993
0240177412,195.156006
0240177512,195.300003
0240177612,195.444000
0240177712,195.570007
0240177812,195.714005
0240177912,195.858002
0240178012,196.001999
0240178112,196.145996
0240178212,196.272003
0240178312,196.416000
0240178412,196.559998
0240178512,196.703995
0240178612,196.848007
0240178712,196.992004
0240178812,197.117996
0240178912,197.261993
0240179012,197.406006
0240179112,197.550003
0240179212,197.694000
0240179312,197.820007
0240179412,197.964005
0240179512,198.108002
0240179612,198.251999
0240179712,198.395996
0240179812,198.522003
0240179912,198.666000
0240180012,198.809998
0240180112,198.953995
0240180212,199.098007
0240180312,199.242004
0240180412,199.367996
0240180512,199.511993
0240180612,199.656006
0240180712,199.800003
0240180812,199.944000
0240180912,200.087997
0240181012,200.231995
0240181112,200.358002
0240181212,200.501999
0240181312,200.645996
0240181412,200.772003
0240181512,200.880005
0240181612,200.988007
0240181712,201.078003
0240181812,201.149994
0240181912,201.203995
0240182012,201.257996
0240182112,201.276001
0240182212,201.294006
0240182312,201.294006
0240182412,201.294006
0240182512,201.294006
0240182612,201.294006
0240182712,201.294006
0240182812,201.294006
0240182912,201.294006
0240183012,201.294006
0240183112,201.294006
0240183212,201.311996
0240183312,201.311996
0240183412,201.311996
0240183512,201.311996
0240183612,201.311996
0240183712,201.311996
0240183812,201.311996
0240183912,201.311996
0240184012,201.311996
0240184112,201.311996
0240184212,201.311996
0240184312,201.311996
0240184412,201.311996
0240184512,201.311996
0240184612,201.311996
0240184712,201.311996
0240184812,201.311996
0240184912,201.311996
0240185012,201.311996
0240185112,201.311996
0240185212,201.311996
0240185312,201.311996
0240185412,201.311996
0240185512,201.311996
0240185612,201.311996
0240185712,201.311996
0240185812,201.311996
0240185912,201.311996
0240186012,201.311996
0240186112,201.311996
0240186212,201.311996
0240186312,201.311996
0240186412,201.311996
0240186512,201.330002
0240186612,201.365997
0240186712,201.419998
0240186812,201.492004
0240186912,201.582001
0240187012,201.671997
0240187112,201.779999
0240187212,201.906006
0240187312,202.031998
0240187412,202.175995
0240187512,202.320007
0240187612,202.445999
0240187712,202.589996
0240187812,202.733994
0240187912,202.878006
0240188012,203.022003
0240188112,203.166000
0240188212,203.309998
0240188312,203.453995
0240188412,203.580002
0240188512,203.723999
0240188612,203.867996
0240188712,204.011993
0240188812,204.156006
0240188912,204.281998
0240189012,204.425995
0240189112,204.570007
0240189212,204.714005
0240189312,204.858002
0240189412,204.983994
0240189512,205.128006
0240189612,205.272003
0240189712,205.416000
0240189812,205.559998
0240189912,205.686005
0240190012,205.830002
0240190112,205.973999
0240190212,206.117996
0240190312,206.244003
0240190412,206.406006
0240190512,206.531998
0240190612,206.675995
0240190712,206.820007
0240190812,206.964005
0240190912,207.108002
0240191012,207.233994
0240191112,207.378006
0240191212,207.522003
0240191312,207.666000
0240191412,207.792007
0240191512,207.917999
0240191612,208.007996
0240191712,208.098007
0240191812,208.169998
0240191912,208.223999
0240192012,208.278000
0240192112,208.313995
0240192212,208.332001
0240192312,208.332001
0240192412,208.332001
0240192512,208.332001
0240192612,208.332001
0240192712,208.332001
0240192812,208.332001
0240192912,208.332001
0240193012,208.332001
0240193112,208.332001
0240193212,208.332001
0240193312,208.332001
0240193412,208.332001
0240193512,208.332001
0240193612,208.332001
0240193712,208.332001
0240193812,208.332001
0240193912,208.332001
0240194012,208.332001
0240194112,208.332001
0240194212,208.332001
0240194312,208.332001
0240194412,208.332001
0240194512,208.332001
0240194612,208.332001
0240194712,208.332001
0240194812,208.332001
0240194912,208.332001
0240195012,208.332001
0240195112,208.332001
0240195212,208.332001
0240195312,208.332001
0240195412,208.332001
0240195512,208.332001
0240195612,208.332001
0240195712,208.332001
0240195812,208.332001
0240195912,208.332001
0240196012,208.332001
0240196112,208.332001
0240196212,208.332001
0240196312,208.332001
0240196412,208.332001
0240196512,208.332001
0240196612,208.332001
0240196712,208.332001
0240196812,208.332001
0240196912,208.313995
0240197012,208.259995
0240197112,208.188004
0240197212,208.080002
0240197312,207.953995
0240197412,207.809998
0240197512,207.666000
0240197612,207.539993
0240197712,207.395996
0240197812,207.251999
0240197912,207.108002
0240198012,206.964005
0240198112,206.837997
0240198212,206.694000
0240198312,206.550003
0240198412,206.406006
0240198512,206.261993
0240198612,206.136002
0240198712,205.992004
0240198812,205.848007
0240198912,205.703995
0240199012,205.559998
0240199112,205.434006
0240199212,205.289993
0240199312,205.145996
0240199412,205.001999
0240199512,204.858002
0240199612,204.714005
0240199712,204.587997
0240199812,204.444000
0240199912,204.300003
0240200012,204.173996
0240200112,204.029999
0240200212,203.886002
0240200312,203.742004
0240200412,203.598007
0240200512,203.453995
0240200612,203.309998
0240200712,203.184006
0240200812,203.039993
0240200912,202.895996
0240201012,202.751999
0240201112,202.608002
0240201212,202.464005
0240201312,202.337997
0240201412,202.194000
0240201512,202.085999
0240201612,201.977997
0240201712,201.888000
0240201812,201.815994
0240201912,201.761993
0240202012,201.707993
0240202112,201.671997
0240202212,201.654007
0240202312,201.654007
0240202412,201.636002
0240202512,201.636002
0240202612,201.636002
0240202712,201.636002
0240202812,201.636002
0240202912,201.636002
0240203012,201.636002
0240203112,201.636002
0240203212,201.636002
0240203312,201.636002
0240203412,201.636002
0240203512,201.636002
0240203612,201.636002
0240203712,201.636002
0240203812,201.636002
0240203912,201.636002
0240204012,201.636002
0240204112,201.636002
0240204212,201.636002
0240204312,201.636002
0240204412,201.636002
0240204512,201.636002
0240204612,201.636002
0240204712,201.636002
0240204812,201.636002
0240204912,201.636002
0240205012,201.636002
0240205112,201.636002
0240205212,201.636002
0240205312,201.636002
0240205412,201.636002
0240205512,201.636002
0240205612,201.636002
0240205712,201.636002
0240205812,201.636002
0240205912,201.636002
0240206012,201.636002
0240206112,201.636002
0240206212,201.636002
0240206312,201.636002
0240206412,201.636002
0240206512,201.617996
0240206612,201.582001
0240206712,201.546005
0240206812,201.473999
0240206912,201.401993
0240207012,201.311996
0240207112,201.203995
0240207212,201.078003
0240207312,200.951996
0240207412,200.807999
0240207512,200.664001
0240207612,200.520004
0240207712,200.376007
0240207812,200.250000
0240207912,200.106003
0240208012,199.962006
0240208112,199.817993
0240208212,199.673996
0240208312,199.548004
0240208412,199.386002
0240208512,199.259995
0240208612,199.115997
0240208712,198.972000
0240208812,198.828003
0240208912,198.684006
0240209012,198.557999
0240209112,198.414001
0240209212,198.270004
0240209312,198.126007
0240209412,198.000000
0240209512,197.856003
0240209612,197.712006
0240209712,197.567993
0240209812,197.423996
0240209912,197.298004
0240210012,197.154007
0240210112,197.009995
0240210212,196.865997
0240210312,196.722000
0240210412,196.595993
0240210512,196.451996
0240210612,196.307999
0240210712,196.164001
0240210812,196.020004
0240210912,195.876007
0240211012,195.750000
0240211112,195.606003
0240211212,195.462006
0240211312,195.317993
0240211412,195.192001
0240211512,195.065994
0240211612,194.975998
0240211712,194.867996
0240211812,194.796005
0240211912,194.742004
0240212012,194.688004
0240212112,194.651993
0240212212,194.634003
0240212312,194.634003
0240212412,194.615997
0240212512,194.615997
0240212612,194.615997
0240212712,194.615997
0240212812,194.615997
0240212912,194.615997
0240213012,194.615997
0240213112,194.615997
0240213212,194.615997
0240213312,194.615997
0240213412,194.615997
0240213512,194.615997
0240213612,194.615997
0240213712,194.615997
0240213812,194.615997
0240213912,194.615997
0240214012,194.615997
0240214112,194.615997
0240214212,194.615997
0240214312,194.615997
0240214412,194.615997
0240214512,194.615997
0240214612,194.615997
0240214712,194.615997
0240214812,194.615997
0240214912,194.615997
0240215012,194.615997
0240215112,194.615997
0240215212,194.615997
0240215312,194.615997
0240215412,194.615997
0240215512,194.615997
0240215612,194.615997
0240215712,194.615997
0240215812,194.615997
0240215912,194.615997
0240216012,194.615997
0240216112,194.615997
0240216212,194.615997
0240216312,194.615997
0240216412,194.615997
0240216512,194.598007
0240216612,194.561996
0240216712,194.526001
0240216812,194.453995
0240216912,194.382004
0240217012,194.292007
0240217112,194.184006
0240217212,194.057999
0240217312,193.932007
0240217412,193.806000
0240217512,193.662003
0240217612,193.518005
0240217712,193.373993
0240217812,193.229996
0240217912,193.104004
0240218012,192.960007
0240218112,192.815994
0240218212,192.671997
0240218312,192.528000
0240218412,192.384003
0240218512,192.257996
0240218612,192.095993
0240218712,191.970001
0240218812,191.826004
0240218912,191.682007
0240219012,191.556000
0240219112,191.393997
0240219212,191.268005
0240219312,191.123993
0240219412,190.979996
0240219512,190.854004
0240219612,190.710007
0240219712,190.565994
0240219812,190.421997
0240219912,190.278000
0240220012,190.151993
0240220112,190.007996
0240220212,189.863998
0240220312,189.720001
0240220412,189.576004
0240220512,189.432007
0240220612,189.306000
0240220712,189.162003
0240220812,189.018005
0240220912,188.873993
0240221012,188.729996
0240221112,188.604004
0240221212,188.460007
0240221312,188.315994
0240221412,188.171997
0240221512,188.063995
0240221612,187.955994
0240221712,187.865997
0240221812,187.776001
0240221912,187.722000
0240222012,187.667999
0240222112,187.632004
0240222212,187.595993
0240222312,187.595993
0240222412,187.595993
0240222512,187.595993
0240222612,187.595993
0240222712,187.595993
0240222812,187.595993
0240222912,187.595993
0240223012,187.595993
0240223112,187.595993
0240223212,187.595993
0240223312,187.595993
0240223412,187.595993
0240223512,187.595993
0240223612,187.595993
0240223712,187.595993
0240223812,187.595993
0240223912,187.595993
0240224012,187.595993
0240224112,187.595993
0240224212,187.595993
0240224312,187.595993
0240224412,187.595993
0240224512,187.595993
0240224612,187.595993
0240224712,187.595993
0240224812,187.595993
0240224912,187.595993
0240225012,187.595993
0240225112,187.595993
0240225212,187.595993
0240225312,187.595993
0240225412,187.595993
0240225512,187.595993
0240225612,187.595993
0240225712,187.595993
0240225812,187.595993
0240225912,187.595993
0240226012,187.595993
0240226112,187.595993
0240226212,187.595993
0240226312,187.595993
0240226412,187.595993
0240226512,187.578003
0240226612,187.542007
0240226712,187.488007
0240226812,187.434006
0240226912,187.362000
0240227012,187.272003
0240227112,187.164001
0240227212,187.056000
0240227312,186.912003
0240227412,186.785995
0240227512,186.641998
0240227612,186.498001
0240227712,186.354004
0240227812,186.227997
0240227912,186.084000
0240228012,185.940002
0240228112,185.796005
0240228212,185.651993
0240228312,185.507996
0240228412,185.382004
0240228512,185.238007
0240228612,185.093994
0240228712,184.949997
0240228812,184.806000
0240228912,184.679993
0240229012,184.535995
0240229112,184.391998
0240229212,184.248001
0240229312,184.104004
0240229412,183.960007
0240229512,183.834000
0240229612,183.690002
0240229712,183.546005
0240229812,183.401993
0240229912,183.257996
0240230012,183.132004
0240230112,182.988007
0240230212,182.843994
0240230312,182.699997
0240230412,182.556000
0240230512,182.429993
0240230612,182.285995
0240230712,182.141998
0240230812,181.998001
0240230912,181.854004
0240231012,181.727997
0240231112,181.584000
0240231212,181.440002
0240231312,181.296005
0240231412,181.151993
0240231512,181.044006
0240231612,180.936005
0240231712,180.828003
0240231812,180.755997
0240231912,180.684006
0240232012,180.630005
0240232112,180.593994
0240232212,180.576004
0240232312,180.557999
0240232412,180.557999
0240232512,180.557999
0240232612,180.557999
0240232712,180.557999
0240232812,180.557999
0240232912,180.557999
0240233012,180.557999
0240233112,180.557999
0240233212,180.557999
0240233312,180.557999
0240233412,180.557999
0240233512,180.557999
0240233612,180.557999
0240233712,180.557999
0240233812,180.557999
0240233912,180.557999
0240234012,180.557999
0240234112,180.557999
0240234212,180.557999
0240234312,180.557999
0240234412,180.557999
0240234512,180.557999
0240234612,180.557999
0240234712,180.557999
0240234812,180.557999
0240234912,180.557999
0240235012,180.557999
0240235112,180.557999
0240235212,180.557999
0240235312,180.557999
0240235412,180.557999
0240235512,180.557999
0240235612,180.557999
0240235712,180.557999
0240235812,180.557999
0240235912,180.557999
0240236012,180.557999
0240236112,180.557999
0240236212,180.557999
0240236312,180.557999
0240236412,180.557999
0240236512,180.557999
0240236612,180.557999
0240236712,180.557999
0240236812,180.557999
0240236912,180.576004
0240237012,180.593994
0240237112,180.666000
0240237212,180.755997
0240237312,180.882004
0240237412,181.007996
0240237512,181.151993
0240237612,181.296005
0240237712,181.440002
0240237812,181.565994
0240237912,181.710007
0240238012,181.854004
0240238112,181.998001
0240238212,182.141998
0240238312,182.285995
0240238412,182.412003
0240238512,182.556000
0240238612,182.699997
0240238712,182.843994
0240238812,182.988007
0240238912,183.113998
0240239012,183.257996
0240239112,183.401993
0240239212,183.546005
0240239312,183.690002
0240239412,183.815994
0240239512,183.960007
0240239612,184.104004
0240239712,184.248001
0240239812,184.391998
0240239912,184.535995
0240240012,184.662003
0240240112,184.806000
0240240212,184.949997
0240240312,185.093994
0240240412,185.238007
0240240512,185.363998
0240240612,185.507996
0240240712,185.651993
0240240812,185.796005
0240240912,185.940002
0240241012,186.084000
0240241112,186.227997
0240241212,186.354004
0240241312,186.498001
0240241412,186.641998
0240241512,186.750000
0240241612,186.858002
0240241712,186.966003
0240241812,187.037994
0240241912,187.110001
0240242012,187.145996
0240242112,187.199997
0240242212,187.218002
0240242312,187.218002
0240242412,187.235992
0240242512,187.235992
0240242612,187.235992
0240242712,187.235992
0240242812,187.235992
0240242912,187.235992
0240243012,187.235992
0240243112,187.235992
0240243212,187.235992
0240243312,187.235992
0240243412,187.235992
0240243512,187.235992
0240243612,187.235992
0240243712,187.235992
0240243812,187.235992
0240243912,187.235992
0240244012,187.235992
0240244112,187.235992
0240244212,187.235992
0240244312,187.235992
0240244412,187.235992
0240244512,187.235992
0240244612,187.235992
0240244712,187.235992
0240244812,187.235992
0240244912,187.235992
0240245012,187.235992
0240245112,187.235992
0240245212,187.235992
0240245312,187.235992
0240245412,187.235992
0240245512,187.235992
0240245612,187.235992
0240245712,187.235992
0240245812,187.235992
0240245912,187.235992
0240246012,187.235992
0240246112,187.235992
0240246212,187.235992
0240246312,187.235992
0240246412,187.235992
0240246512,187.253998
0240246612,187.272003
0240246712,187.326004
0240246812,187.380005
0240246912,187.451996
0240247012,187.542007
0240247112,187.649994
0240247212,187.757996
0240247312,187.901993
0240247412,188.028000
0240247512,188.171997
0240247612,188.315994
0240247712,188.460007
0240247812,188.604004
0240247912,188.729996
0240248012,188.873993
0240248112,189.018005
0240248212,189.162003
0240248312,189.306000
0240248412,189.449997
0240248512,189.576004
0240248612,189.720001
0240248712,189.863998
0240248812,190.007996
0240248912,190.151993
0240249012,190.278000
0240249112,190.421997
0240249212,190.565994
0240249312,190.710007
0240249412,190.854004
0240249512,190.998001
0240249612,191.123993
0240249712,191.268005
0240249812,191.412003
0240249912,191.556000
0240250012,191.699997
0240250112,191.826004
0240250212,191.970001
0240250312,192.113998
0240250412,192.257996
0240250512,192.401993
0240250612,192.546005
0240250712,192.671997
0240250812,192.815994
0240250912,192.960007
0240251012,193.104004
0240251112,193.248001
0240251212,193.373993
0240251312,193.518005
0240251412,193.662003
0240251512,193.787994
0240251612,193.895996
0240251712,193.985992
0240251812,194.057999
0240251912,194.130005
0240252012,194.184006
0240252112,194.220001
0240252212,194.255997
0240252312,194.274002
0240252412,194.274002
0240252512,194.274002
0240252612,194.274002
0240252712,194.274002
0240252812,194.274002
0240252912,194.274002
0240253012,194.274002
0240253112,194.274002
0240253212,194.274002
0240253312,194.274002
0240253412,194.274002
0240253512,194.274002
0240253612,194.274002
0240253712,194.274002
0240253812,194.274002
0240253912,194.274002
0240254012,194.274002
0240254112,194.274002
0240254212,194.274002
0240254312,194.274002
0240254412,194.274002
0240254512,194.274002
0240254612,194.274002
0240254712,194.274002
0240254812,194.274002
0240254912,194.274002
0240255012,194.274002
0240255112,194.274002
0240255212,194.274002
0240255312,194.274002
0240255412,194.274002
0240255512,194.274002
0240255612,194.274002
0240255712,194.274002
0240255812,194.274002
0240255912,194.274002
0240256012,194.274002
0240256112,194.274002
0240256212,194.274002
0240256312,194.274002
0240256412,194.274002
0240256512,194.274002
0240256612,194.309998
0240256712,194.363998
0240256812,194.417999
0240256912,194.490005
0240257012,194.561996
0240257112,194.669998
0240257212,194.778000
0240257312,194.921997
0240257412,195.048004
0240257512,195.192001
0240257612,195.335999
0240257712,195.479996
0240257812,195.623993
0240257912,195.750000
0240258012,195.893997
0240258112,196.037994
0240258212,196.182007
0240258312,196.326004
0240258412,196.470001
0240258512,196.595993
0240258612,196.740005
0240258712,196.884003
0240258812,197.028000
0240258912,197.171997
0240259012,197.298004
0240259112,197.442001
0240259212,197.585999
0240259312,197.729996
0240259412,197.873993
0240259512,198.000000
0240259612,198.143997
0240259712,198.287994
0240259812,198.432007
0240259912,198.576004
0240260012,198.720001
0240260112,198.845993
0240260212,198.990005
0240260312,199.134003
0240260412,199.278000
0240260512,199.421997
0240260612,199.548004
0240260712,199.710007
0240260812,199.835999
0240260912,199.979996
0240261012,200.123993
0240261112,200.268005
0240261212,200.412003
0240261312,200.556000
0240261412,200.682007
0240261512,200.807999
0240261612,200.916000
0240261712,201.005997
0240261812,201.095993
0240261912,201.167999
0240262012,201.222000
0240262112,201.257996
0240262212,201.294006
0240262312,201.294006
0240262412,201.294006
0240262512,201.294006
0240262612,201.294006
0240262712,201.294006
0240262812,201.294006
0240262912,201.294006
0240263012,201.294006
0240263112,201.294006
0240263212,201.294006
0240263312,201.311996
0240263412,201.311996
0240263512,201.311996
0240263612,201.311996
0240263712,201.311996
0240263812,201.311996
0240263912,201.311996
0240264012,201.311996
0240264112,201.311996
0240264212,201.311996
0240264312,201.311996
0240264412,201.311996
0240264512,201.311996
0240264612,201.311996
0240264712,201.311996
0240264812,201.311996
0240264912,201.311996
0240265012,201.311996
0240265112,201.311996
0240265212,201.311996
0240265312,201.311996
0240265412,201.311996
0240265512,201.311996
0240265612,201.311996
0240265712,201.311996
0240265812,201.311996
0240265912,201.311996
0240266012,201.311996
0240266112,201.311996
0240266212,201.311996
0240266312,201.311996
0240266412,201.311996
0240266512,201.311996
0240266612,201.348007
0240266712,201.384003
0240266812,201.438004
0240266912,201.509995
0240267012,201.600006
0240267112,201.707993
0240267212,201.815994
0240267312,201.942001
0240267412,202.085999
0240267512,202.212006
0240267612,202.356003
0240267712,202.500000
0240267812,202.643997
0240267912,202.770004
0240268012,202.932007
0240268112,203.057999
0240268212,203.201996
0240268312,203.345993
0240268412,203.490005
0240268512,203.634003
0240268612,203.759995
0240268712,203.904007
0240268812,204.048004
0240268912,204.192001
0240269012,204.335999
0240269112,204.462006
0240269212,204.606003
0240269312,204.750000
0240269412,204.893997
0240269512,205.037994
0240269612,205.182007
0240269712,205.307999
0240269812,205.451996
0240269912,205.595993
0240270012,205.722000
0240270112,205.884003
0240270212,206.009995
0240270312,206.154007
0240270412,206.298004
0240270512,206.442001
0240270612,206.585999
0240270712,206.712006
0240270812,206.856003
0240270912,207.000000
0240271012,207.143997
0240271112,207.287994
0240271212,207.432007
0240271312,207.557999
0240271412,207.701996
0240271512,207.828003
0240271612,207.936005
0240271712,208.044006
0240271812,208.115997
0240271912,208.188004
0240272012,208.242004
0240272112,208.296005
0240272212,208.313995
0240272312,208.332001
0240272412,208.332001
0240272512,208.332001
0240272612,208.332001
0240272712,208.332001
0240272812,208.332001
0240272912,208.332001
0240273012,208.332001
0240273112,208.332001
0240273212,208.332001
0240273312,208.332001
0240273412,208.332001
0240273512,208.332001
0240273612,208.332001
0240273712,208.332001
0240273812,208.332001
0240273912,208.332001
0240274012,208.332001
0240274112,208.332001
0240274212,208.332001
0240274312,208.332001
0240274412,208.332001
0240274512,208.332001
0240274612,208.332001
0240274712,208.332001
0240274812,208.332001
0240274912,208.332001
0240275012,208.332001
0240275112,208.332001
0240275212,208.332001
0240275312,208.332001
0240275412,208.332001
0240275512,208.332001
0240275612,208.332001
0240275712,208.332001
0240275812,208.332001
0240275912,208.332001
0240276012,208.332001
0240276112,208.332001
0240276212,208.332001
0240276312,208.332001
0240276412,208.332001
0240276512,208.332001
0240276612,208.332001
0240276712,208.332001
0240276812,208.332001
0240276912,208.332001
0240277012,208.332001
0240277112,208.332001
0240277212,208.332001
0240277312,208.332001
0240277412,208.332001
0240277512,208.332001
0240277612,208.367996
0240277712,208.404007
0240277812,208.457993
0240277912,208.511993
0240278012,208.602005
0240278112,208.692001
0240278212,208.800003
0240278312,208.908005
0240278412,209.016006
0240278512,209.106003
0240278612,209.214005
0240278712,209.322006
0240278812,209.429993
0240278912,209.537994
0240279012,209.645996
0240279112,209.753998
0240279212,209.843994
0240279312,209.951996
0240279412,210.059998
0240279512,210.167999
0240279612,210.276001
0240279712,210.384003
0240279812,210.492004
0240279912,210.600006
0240280012,210.690002
0240280112,210.798004
0240280212,210.906006
0240280312,211.014008
0240280412,211.121994
0240280512,211.229996
0240280612,211.337997
0240280712,211.427994
0240280812,211.535995
0240280912,211.643997
0240281012,211.751999
0240281112,211.860001
0240281212,211.968002
0240281312,212.076004
0240281412,212.166000
0240281512,212.274002
0240281612,212.382004
0240281712,212.490005
0240281812,212.598007
0240281912,212.705994
0240282012,212.796005
0240282112,212.904007
0240282212,213.011993
0240282312,213.119995
0240282412,213.227997
0240282512,213.335999
0240282612,213.444000
0240282712,213.533997
0240282812,213.641998
0240282912,213.750000
0240283012,213.858002
0240283112,213.966003
0240283212,214.074005
0240283312,214.182007
0240283412,214.289993
0240283512,214.380005
0240283612,214.488007
0240283712,214.595993
0240283812,214.703995
0240283912,214.811996
0240284012,214.919998
0240284112,215.028000
0240284212,215.117996
0240284312,215.225998
0240284412,215.334000
0240284512,215.442001
0240284612,215.550003
0240284712,215.658005
0240284812,215.766006
0240284912,215.856003
0240285012,215.964005
0240285112,216.072006
0240285212,216.179993
0240285312,216.287994
0240285412,216.395996
0240285512,216.485992
0240285612,216.593994
0240285712,216.701996
0240285812,216.809998
0240285912,216.917999
0240286012,217.026001
0240286112,217.134003
0240286212,217.242004
0240286312,217.332001
0240286412,217.440002
0240286512,217.548004
0240286612,217.656006
0240286712,217.764008
0240286812,217.871994
0240286912,217.979996
0240287012,218.070007
0240287112,218.177994
0240287212,218.285995
0240287312,218.393997
0240287412,218.501999
0240287512,218.610001
0240287612,218.718002
0240287712,218.807999
0240287812,218.916000
0240287912,219.024002
0240288012,219.132004
0240288112,219.240005
0240288212,219.348007
0240288312,219.438004
0240288412,219.546005
0240288512,219.654007
0240288612,219.761993
0240288712,219.869995
0240288812,219.977997
0240288912,220.085999
0240289012,220.175995
0240289112,220.283997
0240289212,220.391998
0240289312,220.500000
0240289412,220.608002
0240289512,220.716003
0240289612,220.824005
0240289712,220.932007
0240289812,221.022003
0240289912,221.130005
0240290012,221.238007
0240290112,221.345993
0240290212,221.453995
0240290312,221.561996
0240290412,221.669998
0240290512,221.759995
0240290612,221.832001
0240290712,221.886002
0240290812,221.940002
0240290912,221.975998
0240291012,221.994003
0240291112,221.994003
0240291212,221.994003
0240291312,221.994003
0240291412,221.994003
0240291512,221.994003
0240291612,221.994003
0240291712,221.994003
0240291812,221.994003
0240291912,221.994003
0240292012,221.994003
0240292112,221.994003
0240292212,221.994003
0240292312,221.994003
0240292412,221.994003
0240292512,221.994003
0240292612,221.994003
0240292712,221.994003
0240292812,221.994003
0240292912,221.994003
0240293012,221.994003
0240293112,221.994003
0240293212,221.994003
0240293312,221.994003
0240293412,221.994003
0240293512,221.994003
0240293612,221.994003
0240293712,221.994003
0240293812,221.994003
0240293912,221.994003
0240294012,221.994003
0240294112,221.975998
0240294212,221.975998
0240294312,221.975998
0240294412,221.975998
0240294512,221.975998
0240294612,221.975998
0240294712,221.975998
0240294812,221.957993
0240294912,221.957993
0240295012,221.957993
0240295112,221.957993
0240295212,221.957993
0240295312,221.940002
0240295412,221.940002
0240295512,221.940002
0240295612,221.940002
0240295712,221.940002
0240295812,221.921997
0240295912,221.921997
0240296012,221.921997
0240296112,221.904007
0240296212,221.904007
0240296312,221.904007
0240296412,221.886002
0240296512,221.886002
0240296612,221.886002
0240296712,221.886002
0240296812,221.867996
0240296912,221.867996
0240297012,221.867996
0240297112,221.850006
0240297212,221.850006
0240297312,221.850006
0240297412,221.832001
0240297512,221.832001
0240297612,221.832001
0240297712,221.813995
0240297812,221.813995
0240297912,221.796005
0240298012,221.796005
0240298112,221.796005
0240298212,221.778000
0240298312,221.778000
0240298412,221.778000
0240298512,221.759995
0240298612,221.759995
0240298712,221.742004
0240298812,221.742004
0240298912,221.742004
0240299012,221.723999
0240299112,221.723999
0240299212,221.723999
0240299312,221.705994
0240299412,221.705994
0240299512,221.688004
0240299612,221.688004
0240299712,221.688004
0240299812,221.669998
0240299912,221.669998
0240300012,221.669998
0240300112,221.651993
0240300212,221.651993
0240300312,221.634003
0240300412,221.634003
0240300512,221.634003
0240300612,221.615997
0240300712,221.615997
0240300812,221.615997
0240300912,221.598007
0240301012,221.598007
0240301112,221.580002
0240301212,221.580002
0240301312,221.580002
0240301412,221.561996
0240301512,221.561996
0240301612,221.561996
0240301712,221.544006
0240301812,221.544006
0240301912,221.526001
0240302012,221.526001
0240302112,221.526001
0240302212,221.507996
0240302312,221.507996
0240302412,221.507996
0240302512,221.490005
0240302612,221.490005
0240302712,221.472000
0240302812,221.472000
0240302912,221.472000
0240303012,221.453995
0240303112,221.453995
0240303212,221.436005
0240303312,221.436005
0240303412,221.436005
0240303512,221.417999
0240303612,221.417999
0240303712,221.417999
0240303812,221.399994
0240303912,221.399994
0240304012,221.382004
0240304112,221.382004
0240304212,221.382004
0240304312,221.363998
0240304412,221.363998
0240304512,221.345993
0240304612,221.345993
0240304712,221.345993
0240304812,221.328003
0240304912,221.328003
0240305012,221.328003
0240305112,221.309998
0240305212,221.309998
0240305312,221.292007
0240305412,221.292007
0240305512,221.292007
0240305612,221.274002
0240305712,221.274002
0240305812,221.255997
0240305912,221.255997
0240306012,221.255997
0240306112,221.238007
0240306212,221.238007
0240306312,221.220001
0240306412,221.220001
0240306512,221.220001
0240306612,221.201996
0240306712,221.201996
0240306812,221.184006
0240306912,221.184006
0240307012,221.184006
0240307112,221.166000
0240307212,221.166000
0240307312,221.166000
0240307412,221.147995
0240307512,221.147995
0240307612,221.130005
0240307712,221.130005
0240307812,221.130005
0240307912,221.112000
0240308012,221.112000
0240308112,221.093994
0240308212,221.093994
0240308312,221.093994
0240308412,221.076004
0240308512,221.076004
0240308612,221.057999
0240308712,221.057999
0240308812,221.057999
0240308912,221.039993
0240309012,221.039993
0240309112,221.039993
0240309212,221.022003
0240309312,221.022003
0240309412,221.003998
0240309512,221.003998
0240309612,221.003998
0240309712,220.985992
0240309812,220.985992
0240309912,220.968002
0240310012,220.968002
0240310112,220.968002
0240310212,220.949997
0240310312,220.949997
0240310412,220.932007
0240310512,220.932007
0240310612,220.932007
0240310712,220.914001
0240310812,220.914001
0240310912,220.895996
0240311012,220.895996
0240311112,220.895996
0240311212,220.878006
0240311312,220.878006
0240311412,220.878006
0240311512,220.860001
0240311612,220.860001
0240311712,220.841995
0240311812,220.841995
0240311912,220.841995
0240312012,220.824005
0240312112,220.824005
0240312212,220.806000
0240312312,220.806000
0240312412,220.806000
0240312512,220.787994
0240312612,220.787994
0240312712,220.770004
0240312812,220.770004
0240312912,220.770004
0240313012,220.751999
0240313112,220.751999
0240313212,220.751999
0240313312,220.733994
0240313412,220.733994
0240313512,220.716003
0240313612,220.716003
0240313712,220.716003
0240313812,220.697998
0240313912,220.697998
0240314012,220.679993
0240314112,220.679993
0240314212,220.679993
0240314312,220.662003
0240314412,220.662003
0240314512,220.643997
0240314612,220.643997
0240314712,220.643997
0240314812,220.626007
0240314912,220.626007
0240315012,220.608002
0240315112,220.608002
0240315212,220.608002
0240315312,220.589996
0240315412,220.589996
0240315512,220.589996
0240315612,220.572006
0240315712,220.572006
0240315812,220.554001
0240315912,220.554001
0240316012,220.554001
0240316112,220.535995
0240316212,220.535995
0240316312,220.518005
0240316412,220.518005
0240316512,220.518005
0240316612,220.500000
0240316712,220.500000
0240316812,220.481995
0240316912,220.481995
0240317012,220.481995
0240317112,220.464005
0240317212,220.464005
0240317312,220.464005
0240317412,220.464005
0240317512,220.464005
0240317612,220.464005
0240317712,220.464005
0240317812,220.464005
0240317912,220.464005
0240318012,220.464005
0240318112,220.464005
0240318212,220.464005
0240318312,220.464005
0240318412,220.464005
0240318512,220.464005
0240318612,220.464005
0240318712,220.464005
0240318812,220.464005
0240318912,220.464005
0240319012,220.464005
0240319112,220.464005
0240319212,220.464005
0240319312,220.464005
0240319412,220.464005
0240319512,220.464005
0240319612,220.464005
0240319712,220.464005
0240319812,220.464005
0240319912,220.464005
0240320012,220.464005
0240320112,220.464005
0240320212,220.464005
0240320312,220.464005
0240320412,220.464005
0240320512,220.464005
0240320612,220.464005
0240320712,220.464005
0240320812,220.464005
0240320912,220.464005
0240321012,220.464005
0240321112,220.464005
0240321212,220.464005
0240321312,220.464005
0240321412,220.464005
0240321512,220.464005
0240321612,220.464005
0240321712,220.464005
0240321812,220.464005
0240321912,220.464005
0240322012,220.464005
0240322112,220.464005
0240322212,220.464005
0240322312,220.464005
0240322412,220.464005
0240322512,220.464005
0240322612,220.464005
0240322712,220.464005
0240322812,220.464005
0240322912,220.464005
0240323012,220.464005
0240323112,220.464005
0240323212,220.464005
0240323312,220.464005
0240323412,220.464005
0240323512,220.464005
0240323612,220.464005
0240323712,220.464005
0240323812,220.464005
0240323912,220.464005
0240324012,220.464005
0240324112,220.464005
0240324212,220.464005
0240324312,220.464005
0240324412,220.464005
0240324512,220.464005
0240324612,220.464005
0240324712,220.464005
0240324812,220.464005
0240324912,220.464005
0240325012,220.464005
0240325112,220.464005
0240325212,220.464005
0240325312,220.464005
0240325412,220.464005
0240325512,220.464005
0240325612,220.464005
0240325712,220.464005
0240325812,220.464005
0240325912,220.464005
0240326012,220.464005
0240326112,220.464005
0240326212,220.464005
0240326312,220.464005
0240326412,220.464005
0240326512,220.464005
0240326612,220.464005
0240326712,220.464005
0240326812,220.464005
0240326912,220.464005
0240327012,220.464005
0240327112,220.464005
0240327212,220.464005
0240327312,220.464005
0240327412,220.464005
0240327512,220.464005
0240327612,220.464005
0240327712,220.464005
0240327812,220.464005
0240327912,220.464005
0240328012,220.464005
0240328112,220.464005
0240328212,220.464005
0240328312,220.464005
0240328412,220.464005
0240328512,220.464005
0240328612,220.464005
0240328712,220.464005
0240328812,220.464005
0240328912,220.464005
0240329012,220.464005
0240329112,220.464005
0240329212,220.464005
0240329312,220.464005
0240329412,220.464005
0240329512,220.464005
0240329612,220.464005
0240329712,220.464005
0240329812,220.464005
0240329912,220.464005
0240330012,220.464005
0240330112,220.464005
0240330212,220.464005
0240330312,220.464005
0240330412,220.464005
0240330512,220.464005
0240330612,220.464005
0240330712,220.464005
0240330812,220.464005
0240330912,220.464005
0240331012,220.464005
0240331112,220.464005
0240331212,220.464005
0240331312,220.464005
0240331412,220.464005
0240331512,220.464005
0240331612,220.464005
0240331712,220.464005
0240331812,220.464005
0240331912,220.464005
0240332012,220.464005
0240332112,220.464005
0240332212,220.464005
0240332312,220.464005
0240332412,220.464005
0240332512,220.464005
0240332612,220.464005
0240332712,220.464005
0240332812,220.464005
0240332912,220.464005
0240333012,220.464005
0240333112,220.464005
0240333212,220.464005
0240333312,220.464005
0240333412,220.464005
0240333512,220.464005
0240333612,220.464005
0240333712,220.464005
0240333812,220.464005
0240333912,220.464005
0240334012,220.464005
0240334112,220.464005
0240334212,220.464005
0240334312,220.464005
0240334412,220.464005
0240334512,220.464005
0240334612,220.464005
0240334712,220.464005
0240334812,220.464005
0240334912,220.464005
0240335012,220.464005
0240335112,220.464005
0240335212,220.464005
0240335312,220.464005
0240335412,220.464005
0240335512,220.464005
0240335612,220.464005
0240335712,220.464005
0240335812,220.464005
0240335912,220.464005
0240336012,220.464005
0240336112,220.464005
0240336212,220.464005
0240336312,220.464005
0240336412,220.464005
0240336512,220.464005
0240336612,220.464005
0240336712,220.464005
0240336812,220.464005
0240336912,220.464005
0240337012,220.464005
0240337112,220.464005
0240337212,220.464005
0240337312,220.464005
0240337412,220.464005
0240337512,220.464005
0240337612,220.464005
0240337712,220.464005
0240337812,220.464005
0240337912,220.464005
0240338012,220.464005
0240338112,220.464005
0240338212,220.464005
0240338312,220.464005
0240338412,220.464005
0240338512,220.464005
0240338612,220.464005
0240338712,220.464005
0240338812,220.464005
0240338912,220.464005
0240339012,220.464005
0240339112,220.464005
0240339212,220.464005
0240339312,220.464005
0240339412,220.464005
0240339512,220.464005
0240339612,220.464005
0240339712,220.464005
0240339812,220.464005
0240339912,220.464005
0240340012,220.464005
0240340112,220.464005
0240340212,220.464005
0240340312,220.464005
0240340412,220.464005
0240340512,220.464005
0240340612,220.464005
0240340712,220.464005
0240340812,220.464005
0240340912,220.464005
0240341012,220.464005
0240341112,220.464005
0240341212,220.464005
0240341312,220.464005
0240341412,220.464005
0240341512,220.464005
0240341612,220.464005
0240341712,220.464005
0240341812,220.464005
0240341912,220.464005
0240342012,220.464005
0240342112,220.464005
0240342212,220.464005
0240342312,220.464005
0240342412,220.464005
0240342512,220.464005
0240342612,220.464005
0240342712,220.464005
0240342812,220.464005
0240342912,220.464005
0240343012,220.464005
0240343112,220.464005
0240343212,220.464005
0240343312,220.464005
0240343412,220.464005
0240343512,220.464005
0240343612,220.464005
0240343712,220.464005
0240343812,220.464005
0240343912,220.464005
0240344012,220.464005
0240344112,220.464005
0240344212,220.464005
0240344312,220.464005
0240344412,220.464005
0240344512,220.464005
0240344612,220.464005
0240344712,220.464005
0240344812,220.464005
0240344912,220.464005
0240345012,220.464005
0240345112,220.464005
0240345212,220.464005
0240345312,220.464005
0240345412,220.464005
0240345512,220.464005
0240345612,220.464005
0240345712,220.464005
0240345812,220.464005
0240345912,220.464005
0240346012,220.464005
0240346112,220.464005
0240346212,220.464005
0240346312,220.464005
0240346412,220.464005
0240346512,220.464005
0240346612,220.464005
0240346712,220.464005
0240346812,220.464005
0240346912,220.464005
0240347012,220.464005
0240347112,220.464005
0240347212,220.464005
0240347312,220.464005
0240347412,220.464005
0240347512,220.464005
0240347612,220.464005
0240347712,220.464005
0240347812,220.464005
0240347912,220.464005
0240348012,220.464005
0240348112,220.464005
0240348212,220.464005
0240348312,220.464005
0240348412,220.464005
0240348512,220.464005
0240348612,220.464005
0240348712,220.464005
0240348812,220.464005
0240348912,220.464005
0240349012,220.464005
0240349112,220.464005
0240349212,220.464005
0240349312,220.464005
0240349412,220.464005
0240349512,220.464005
0240349612,220.464005
0240349712,220.464005
0240349812,220.464005
0240349912,220.464005
0240350012,220.464005
0240350112,220.464005
0240350212,220.464005
0240350312,220.464005
0240350412,220.464005
0240350512,220.464005
0240350612,220.464005
0240350712,220.464005
0240350812,220.464005
0240350912,220.464005
0240351012,220.464005
0240351112,220.464005
0240351212,220.464005
0240351312,220.464005
0240351412,220.464005
0240351512,220.464005
0240351612,220.464005
0240351712,220.464005
0240351812,220.464005
0240351912,220.464005
0240352012,220.464005
0240352112,220.464005
0240352212,220.464005
0240352312,220.464005
0240352412,220.464005
0240352512,220.464005
0240352612,220.464005
0240352712,220.464005
0240352812,220.464005
0240352912,220.464005
0240353012,220.464005
0240353112,220.464005
0240353212,220.464005
0240353312,220.464005
0240353412,220.464005
0240353512,220.464005
0240353612,220.464005
0240353712,220.464005
0240353812,220.464005
0240353912,220.464005
0240354012,220.464005
0240354112,220.464005
0240354212,220.464005
0240354312,220.464005
0240354412,220.464005
0240354512,220.464005
0240354612,220.464005
0240354712,220.464005
0240354812,220.464005
0240354912,220.464005
0240355012,220.464005
0240355112,220.464005
0240355212,220.464005
0240355312,220.464005
0240355412,220.464005
0240355512,220.464005
0240355612,220.464005
0240355712,220.464005
0240355812,220.464005
0240355912,220.464005
0240356012,220.464005
0240356112,220.464005
0240356212,220.464005
0240356312,220.464005
0240356412,220.464005
0240356512,220.464005
0240356612,220.464005
0240356712,220.464005
0240356812,220.464005
0240356912,220.464005
0240357012,220.464005
0240357112,220.464005
0240357212,220.464005
0240357312,220.464005
0240357412,220.464005
0240357512,220.464005
0240357612,220.464005
0240357712,220.464005
0240357812,220.464005
0240357912,220.464005
0240358012,220.464005
0240358112,220.464005
0240358212,220.464005
0240358312,220.464005
0240358412,220.464005
0240358512,220.464005
0240358612,220.464005
0240358712,220.464005
0240358812,220.464005
0240358912,220.464005
0240359012,220.464005
0240359112,220.464005
0240359212,220.464005
0240359312,220.464005
0240359412,220.464005
0240359512,220.464005
0240359612,220.464005
0240359712,220.464005
0240359812,220.464005
0240359912,220.464005
0240360012,220.464005
0240360112,220.464005
0240360212,220.464005
0240360312,220.464005
0240360412,220.464005
0240360512,220.464005
0240360612,220.464005
0240360712,220.464005
0240360812,220.464005
0240360912,220.464005
0240361012,220.464005
0240361112,220.464005
0240361212,220.464005
0240361312,220.464005
0240361412,220.464005
0240361512,220.464005
0240361612,220.464005
0240361712,220.464005
0240361812,220.464005
0240361912,220.464005
0240362012,220.464005
0240362112,220.464005
0240362212,220.464005
0240362312,220.464005
0240362412,220.464005
0240362512,220.464005
0240362612,220.464005
0240362712,220.464005
0240362812,220.464005
0240362912,220.464005
0240363012,220.464005
0240363112,220.464005
0240363212,220.464005
0240363312,220.464005
0240363412,220.464005
0240363512,220.464005
0240363612,220.464005
0240363712,220.464005
0240363812,220.464005
0240363912,220.464005
0240364012,220.464005
0240364112,220.464005
0240364212,220.464005
0240364312,220.464005
0240364412,220.464005
0240364512,220.464005
0240364612,220.464005
0240364712,220.464005
0240364812,220.464005
0240364912,220.464005
0240365012,220.464005
0240365112,220.464005
0240365212,220.464005
0240365312,220.464005
0240365412,220.464005
0240365512,220.464005
0240365612,220.464005
0240365712,220.464005
0240365812,220.464005
0240365912,220.464005
0240366012,220.464005
0240366112,220.464005
0240366212,220.464005
0240366312,220.464005
0240366412,220.464005
0240366512,220.464005
0240366612,220.464005
0240366712,220.464005
0240366812,220.464005
0240366912,220.464005
0240367012,220.464005
0240367112,220.464005
0240367212,220.464005
0240367312,220.464005
0240367412,220.464005
0240367512,220.464005
0240367612,220.464005
0240367712,220.464005
0240367812,220.464005
0240367912,220.464005
0240368012,220.464005
0240368112,220.464005
0240368212,220.464005
0240368312,220.464005
0240368412,220.464005
0240368512,220.464005
0240368612,220.464005
0240368712,220.464005
0240368812,220.464005
0240368912,220.464005
0240369012,220.464005
0240369112,220.464005
0240369212,220.464005
0240369312,220.464005
0240369412,220.464005
0240369512,220.464005
0240369612,220.464005
0240369712,220.464005
0240369812,220.464005
0240369912,220.464005
0240370012,220.464005
0240370112,220.464005
0240370212,220.464005
0240370312,220.464005
0240370412,220.464005
0240370512,220.464005
0240370612,220.464005
0240370712,220.464005
0240370812,220.464005
0240370912,220.464005
0240371012,220.464005
0240371112,220.464005
0240371212,220.464005
0240371312,220.464005
0240371412,220.464005
0240371512,220.464005
0240371612,220.464005
0240371712,220.464005
0240371812,220.464005
0240371912,220.464005
0240372012,220.464005
0240372112,220.464005
0240372212,220.464005
0240372312,220.464005
0240372412,220.464005
0240372512,220.464005
0240372612,220.464005
0240372712,220.464005
0240372812,220.464005
0240372912,220.464005
0240373012,220.464005
0240373112,220.464005
0240373212,220.464005
0240373312,220.464005
0240373412,220.464005
0240373512,220.464005
0240373612,220.464005
0240373712,220.464005
0240373812,220.464005
0240373912,220.464005
0240374012,220.464005
0240374112,220.464005
0240374212,220.464005
0240374312,220.464005
0240374412,220.464005
0240374512,220.464005
0240374612,220.464005
0240374712,220.464005
0240374812,220.464005
0240374912,220.464005
0240375012,220.464005
0240375112,220.464005
0240375212,220.464005
0240375312,220.464005
0240375412,220.464005
0240375512,220.464005
0240375612,220.464005
0240375712,220.464005
0240375812,220.464005
0240375912,220.464005
0240376012,220.464005
0240376112,220.464005
0240376212,220.464005
0240376312,220.464005
0240376412,220.464005
0240376512,220.464005
0240376612,220.464005
0240376712,220.464005
0240376812,220.464005
0240376912,220.464005
0240377012,220.464005
0240377112,220.464005
0240377212,220.464005
0240377312,220.464005
0240377412,220.464005
0240377512,220.464005
0240377612,220.464005
0240377712,220.464005
0240377812,220.464005
0240377912,220.464005
0240378012,220.464005
0240378112,220.464005
0240378212,220.464005
0240378312,220.464005
0240378412,220.464005
0240378512,220.464005
0240378612,220.464005
0240378712,220.464005
0240378812,220.464005
0240378912,220.464005
0240379012,220.464005
0240379112,220.464005
0240379212,220.464005
0240379312,220.464005
0240379412,220.464005
0240379512,220.464005
0240379612,220.464005
0240379712,220.464005
0240379812,220.464005
0240379912,220.464005
0240380012,220.464005
0240380112,220.464005
0240380212,220.464005
0240380312,220.464005
0240380412,220.464005
0240380512,220.464005
0240380612,220.464005
0240380712,220.464005
0240380812,220.464005
0240380912,220.464005
0240381012,220.464005
0240381112,220.464005
0240381212,220.464005
0240381312,220.464005
0240381412,220.464005
0240381512,220.464005
0240381612,220.464005
0240381712,220.464005
0240381812,220.464005
0240381912,220.464005
0240382012,220.464005
0240382112,220.464005
0240382212,220.464005
0240382312,220.464005
0240382412,220.464005
0240382512,220.464005
0240382612,220.464005
0240382712,220.464005
0240382812,220.464005
0240382912,220.464005
0240383012,220.464005
0240383112,220.464005
0240383212,220.464005
0240383312,220.464005
0240383412,220.464005
0240383512,220.464005
0240383612,220.464005
0240383712,220.464005
0240383812,220.464005
0240383912,220.464005
0240384012,220.464005
0240384112,220.464005
0240384212,220.464005
0240384312,220.464005
0240384412,220.464005
0240384512,220.464005
0240384612,220.464005
0240384712,220.464005
0240384812,220.464005
0240384912,220.464005
0240385012,220.464005
0240385112,220.464005
0240385212,220.464005
0240385312,220.464005
0240385412,220.464005
0240385512,220.464005
0240385612,220.464005
0240385712,220.464005
0240385812,220.464005
0240385912,220.464005
0240386012,220.464005
0240386112,220.464005
0240386212,220.464005
0240386312,220.464005
0240386412,220.464005
0240386512,220.464005
0240386612,220.464005
0240386712,220.464005
0240386812,220.464005
0240386912,220.464005
0240387012,220.464005
0240387112,220.464005
0240387212,220.464005
0240387312,220.464005
0240387412,220.464005
0240387512,220.464005
0240387612,220.464005
0240387712,220.464005
0240387812,220.464005
0240387912,220.464005
0240388012,220.464005
0240388112,220.464005
0240388212,220.464005
0240388312,220.464005
0240388412,220.464005
0240388512,220.464005
0240388612,220.464005
0240388712,220.464005
0240388812,220.464005
0240388912,220.464005
0240389012,220.464005
0240389112,220.464005
0240389212,220.464005
0240389312,220.464005
0240389412,220.464005
0240389512,220.464005
0240389612,220.464005
0240389712,220.464005
0240389812,220.464005
0240389912,220.464005
0240390012,220.464005
0240390112,220.464005
0240390212,220.464005
0240390312,220.464005
0240390412,220.464005
0240390512,220.464005
0240390612,220.464005
0240390712,220.464005
0240390812,220.464005
0240390912,220.464005
0240391012,220.464005
0240391112,220.464005
0240391212,220.464005
0240391312,220.464005
0240391412,220.464005
0240391512,220.464005
0240391612,220.464005
0240391712,220.464005
0240391812,220.464005
0240391912,220.464005
0240392012,220.464005
0240392112,220.464005
0240392212,220.464005
0240392312,220.464005
0240392412,220.464005
0240392512,220.464005
0240392612,220.464005
0240392712,220.464005
0240392812,220.464005
0240392912,220.464005
0240393012,220.464005
0240393112,220.464005
0240393212,220.464005
0240393312,220.464005
0240393412,220.464005
0240393512,220.464005
0240393612,220.464005
0240393712,220.464005
0240393812,220.464005
0240393912,220.464005
0240394012,220.464005
0240394112,220.464005
0240394212,220.464005
0240394312,220.464005
0240394412,220.464005
0240394512,220.464005
0240394612,220.464005
0240394712,220.464005
0240394812,220.464005
0240394912,220.464005
0240395012,220.464005
0240395112,220.464005
0240395212,220.464005
0240395312,220.464005
0240395412,220.464005
0240395512,220.464005
0240395612,220.464005
0240395712,220.464005
0240395812,220.464005
0240395912,220.464005
0240396012,220.464005
0240396112,220.464005
0240396212,220.464005
0240396312,220.464005
0240396412,220.464005
0240396512,220.464005
0240396612,220.464005
0240396712,220.464005
0240396812,220.464005
0240396912,220.464005
0240397012,220.464005
0240397112,220.464005
0240397212,220.464005
0240397312,220.464005
0240397412,220.464005
0240397512,220.464005
0240397612,220.464005
0240397712,220.464005
0240397812,220.464005
0240397912,220.464005
0240398012,220.464005
0240398112,220.464005
0240398212,220.464005
0240398312,220.464005
0240398412,220.464005
0240398512,220.464005
0240398612,220.464005
0240398712,220.464005
0240398812,220.464005
0240398912,220.464005
0240399012,220.464005
0240399112,220.464005
0240399212,220.464005
0240399312,220.464005
0240399412,220.464005
0240399512,220.464005
0240399612,220.464005
0240399712,220.464005
0240399812,220.464005
0240399912,220.464005
0240400012,220.464005
0240400112,220.464005
0240400212,220.464005
0240400312,220.464005
0240400412,220.464005
0240400512,220.464005
0240400612,220.464005
0240400712,220.464005
0240400812,220.464005
0240400912,220.464005
0240401012,220.464005
0240401112,220.464005
0240401212,220.464005
0240401312,220.464005
0240401412,220.464005
0240401512,220.464005
0240401612,220.464005
0240401712,220.464005
0240401812,220.464005
0240401912,220.464005
0240402012,220.464005
0240402112,220.464005
0240402212,220.464005
0240402312,220.464005
0240402412,220.464005
0240402512,220.464005
0240402612,220.464005
0240402712,220.464005
0240402812,220.464005
0240402912,220.464005
0240403012,220.464005
0240403112,220.464005
0240403212,220.464005
0240403312,220.464005
0240403412,220.464005
0240403512,220.464005
0240403612,220.464005
0240403712,220.464005
0240403812,220.464005
0240403912,220.464005
0240404012,220.464005
0240404112,220.464005
0240404212,220.464005
0240404312,220.464005
0240404412,220.464005
0240404512,220.464005
0240404612,220.464005
0240404712,220.464005
0240404812,220.464005
0240404912,220.464005
0240405012,220.464005
0240405112,220.464005
0240405212,220.464005
0240405312,220.464005
0240405412,220.464005
0240405512,220.464005
0240405612,220.464005
0240405712,220.464005
0240405812,220.464005
0240405912,220.464005
0240406012,220.464005
0240406112,220.464005
0240406212,220.464005
0240406312,220.464005
0240406412,220.464005
0240406512,220.464005
0240406612,220.464005
0240406712,220.464005
0240406812,220.464005
0240406912,220.464005
0240407012,220.464005
0240407112,220.464005
0240407212,220.464005
0240407312,220.464005
0240407412,220.464005
0240407512,220.464005
0240407612,220.464005
0240407712,220.464005
0240407812,220.464005
0240407912,220.464005
0240408012,220.464005
0240408112,220.464005
0240408212,220.464005
0240408312,220.464005
0240408412,220.464005
0240408512,220.464005
0240408612,220.464005
0240408712,220.464005
0240408812,220.464005
0240408912,220.464005
0240409012,220.464005
0240409112,220.464005
0240409212,220.464005
0240409312,220.464005
0240409412,220.464005
0240409512,220.464005
0240409612,220.464005
0240409712,220.464005
0240409812,220.464005
0240409912,220.464005
0240410012,220.464005
0240410112,220.464005
0240410212,220.464005
0240410312,220.464005
0240410412,220.464005
0240410512,220.464005
0240410612,220.464005
0240410712,220.464005
0240410812,220.464005
0240410912,220.464005
0240411012,220.464005
0240411112,220.464005
0240411212,220.464005
0240411312,220.464005
0240411412,220.464005
0240411512,220.464005
0240411612,220.464005
0240411712,220.464005
0240411812,220.464005
0240411912,220.464005
0240412012,220.464005
0240412112,220.464005
0240412212,220.464005
0240412312,220.464005
0240412412,220.464005
0240412512,220.464005
0240412612,220.464005
0240412712,220.464005
0240412812,220.464005
0240412912,220.464005
0240413012,220.464005
0240413112,220.464005
0240413212,220.464005
0240413312,220.464005
0240413412,220.464005
0240413512,220.464005
0240413612,220.464005
0240413712,220.464005
0240413812,220.464005
0240413912,220.464005
0240414012,220.464005
0240414112,220.464005
0240414212,220.464005
0240414312,220.464005
0240414412,220.464005
0240414512,220.464005
0240414612,220.464005
0240414712,220.464005
0240414812,220.464005
0240414912,220.464005
0240415012,220.464005
0240415112,220.464005
0240415212,220.464005
0240415312,220.464005
0240415412,220.464005
0240415512,220.464005
0240415612,220.464005
0240415712,220.464005
0240415812,220.464005
0240415912,220.464005
0240416012,220.464005
0240416112,220.464005
0240416212,220.464005
0240416312,220.464005
0240416412,220.464005
0240416512,220.464005
0240416612,220.464005
0240416712,220.464005
0240416812,220.464005
0240416912,220.464005
0240417012,220.464005
0240417112,220.464005
0240417212,220.464005
0240417312,220.464005
0240417412,220.464005
0240417512,220.464005
0240417612,220.464005
0240417712,220.464005
0240417812,220.464005
0240417912,220.464005
0240418012,220.464005
0240418112,220.464005
0240418212,220.464005
0240418312,220.464005
0240418412,220.464005
0240418512,220.464005
0240418612,220.464005
0240418712,220.464005
0240418812,220.464005
0240418912,220.464005
0240419012,220.464005
0240419112,220.464005
0240419212,220.464005
0240419312,220.464005
0240419412,220.464005
0240419512,220.464005
0240419612,220.464005
0240419712,220.464005
0240419812,220.464005
0240419912,220.464005
0240420012,220.464005
0240420112,220.464005
0240420212,220.464005
0240420312,220.464005
0240420412,220.464005
0240420512,220.464005
0240420612,220.464005
0240420712,220.464005
0240420812,220.464005
0240420912,220.464005
0240421012,220.464005
0240421112,220.464005
0240421212,220.464005
0240421312,220.464005
0240421412,220.464005
0240421512,220.464005
0240421612,220.464005
0240421712,220.464005
0240421812,220.464005
0240421912,220.464005
0240422012,220.464005
0240422112,220.464005
0240422212,220.464005
0240422312,220.464005
0240422412,220.464005
0240422512,220.464005
0240422612,220.464005
0240422712,220.464005
0240422812,220.464005
0240422912,220.464005
0240423012,220.464005
0240423112,220.464005
0240423212,220.464005
0240423312,220.464005
0240423412,220.464005
0240423512,220.464005

Stopped on user request
