use external trigger (y/n)? do reference run (y/n)? 
EIB firmware version: 63328110

using internal timer trigger
Start Reference Run Now


press Ctrl-C to stop

0245688612,-2.880000
0245688712,-2.808000
0245688812,-2.736000
0245688912,-2.682000
0245689012,-2.610000
0245689112,-2.538000
0245689212,-2.466000
0245689312,-2.394000
0245689412,-2.322000
0245689512,-2.250000
0245689612,-2.178000
0245689712,-2.106000
0245689812,-2.034000
0245689912,-1.962000
0245690012,-1.908000
0245690112,-1.836000
0245690212,-1.764000
0245690312,-1.692000
0245690412,-1.620000
0245690512,-1.548000
0245690612,-1.476000
0245690712,-1.404000
0245690812,-1.332000
0245690912,-1.260000
0245691012,-1.188000
0245691112,-1.116000
0245691212,-1.062000
0245691312,-0.990000
0245691412,-0.918000
0245691512,-0.846000
0245691612,-0.774000
0245691712,-0.702000
0245691812,-0.630000
0245691912,-0.558000
0245692012,-0.486000
0245692112,-0.414000
0245692212,-0.342000
0245692312,-0.288000
0245692412,-0.216000
0245692512,-0.144000
0245692612,-0.072000
0245692712,0.000000
0245692812,0.072000
0245692912,0.144000
0245693012,0.216000
0245693112,0.288000
0245693212,0.342000
0245693312,0.414000
0245693412,0.486000
0245693512,0.558000
0245693612,0.630000
0245693712,0.702000
0245693812,0.774000
0245693912,0.846000
0245694012,0.918000
0245694112,0.990000
0245694212,1.044000
0245694312,1.116000
0245694412,1.188000
0245694512,1.260000
0245694612,1.332000
0245694712,1.404000
0245694812,1.476000
0245694912,1.548000
0245695012,1.620000
0245695112,1.692000
0245695212,1.764000
0245695312,1.818000
0245695412,1.890000
0245695512,1.962000
0245695612,2.034000
0245695712,2.106000
0245695812,2.178000
0245695912,2.250000
0245696012,2.322000
0245696112,2.394000
0245696212,2.466000
0245696312,2.538000
0245696412,2.610000
0245696512,2.682000
0245696612,2.736000
0245696712,2.772000
0245696812,2.808000
0245696912,2.808000
0245697012,2.808000
0245697112,2.808000
0245697212,2.808000
0245697312,2.808000
0245697412,2.808000
0245697512,2.808000
0245697612,2.808000
0245697712,2.808000
0245697812,2.808000
0245697912,2.808000
0245698012,2.808000
0245698112,2.808000
0245698212,2.808000
0245698312,2.808000
0245698412,2.808000
0245698512,2.808000
0245698612,2.808000
0245698712,2.808000
0245698812,2.808000
0245698912,2.808000
0245699012,2.808000
0245699112,2.808000
0245699212,2.808000
0245699312,2.808000
0245699412,2.808000
0245699512,2.808000
0245699612,2.808000
0245699712,2.808000
0245699812,2.808000
0245699912,2.808000
0245700012,2.808000
0245700112,2.808000
0245700212,2.808000
0245700312,2.808000
0245700412,2.808000
0245700512,2.808000
0245700612,2.808000
0245700712,2.808000
0245700812,2.808000
0245700912,2.808000
0245701012,2.808000
0245701112,2.808000
0245701212,2.808000
0245701312,2.808000
0245701412,2.808000
0245701512,2.808000
0245701612,2.808000
0245701712,2.808000
0245701812,2.808000
0245701912,2.808000
0245702012,2.808000
0245702112,2.808000
0245702212,2.808000
0245702312,2.808000
0245702412,2.808000
0245702512,2.808000
0245702612,2.808000
0245702712,2.808000
0245702812,2.808000
0245702912,2.808000
0245703012,2.808000
0245703112,2.808000
0245703212,2.808000
0245703312,2.808000
0245703412,2.808000
0245703512,2.808000
0245703612,2.808000
0245703712,2.808000
0245703812,2.808000
0245703912,2.808000
0245704012,2.808000
0245704112,2.808000
0245704212,2.808000
0245704312,2.808000
0245704412,2.808000
0245704512,2.808000
0245704612,2.808000
0245704712,2.808000
0245704812,2.808000
0245704912,2.790000
0245705012,2.790000
0245705112,2.790000
0245705212,2.790000
0245705312,2.790000
0245705412,2.790000
0245705512,2.790000
0245705612,2.772000
0245705712,2.772000
0245705812,2.772000
0245705912,2.772000
0245706012,2.772000
0245706112,2.754000
0245706212,2.754000
0245706312,2.754000
0245706412,2.754000
0245706512,2.754000
0245706612,2.736000
0245706712,2.736000
0245706812,2.736000
0245706912,2.718000
0245707012,2.718000
0245707112,2.718000
0245707212,2.700000
0245707312,2.700000
0245707412,2.700000
0245707512,2.700000
0245707612,2.682000
0245707712,2.682000
0245707812,2.682000
0245707912,2.664000
0245708012,2.664000
0245708112,2.646000
0245708212,2.646000
0245708312,2.646000
0245708412,2.628000
0245708512,2.628000
0245708612,2.628000
0245708712,2.610000
0245708812,2.610000
0245708912,2.592000
0245709012,2.592000
0245709112,2.592000
0245709212,2.574000
0245709312,2.574000
0245709412,2.574000
0245709512,2.556000
0245709612,2.556000
0245709712,2.538000
0245709812,2.538000
0245709912,2.538000
0245710012,2.520000
0245710112,2.520000
0245710212,2.520000
0245710312,2.502000
0245710412,2.502000
0245710512,2.484000
0245710612,2.484000
0245710712,2.484000
0245710812,2.466000
0245710912,2.466000
0245711012,2.448000
0245711112,2.448000
0245711212,2.448000
0245711312,2.430000
0245711412,2.430000
0245711512,2.430000
0245711612,2.412000
0245711712,2.412000
0245711812,2.394000
0245711912,2.394000
0245712012,2.394000
0245712112,2.376000
0245712212,2.376000
0245712312,2.358000
0245712412,2.358000
0245712512,2.358000
0245712612,2.340000
0245712712,2.340000
0245712812,2.340000
0245712912,2.322000
0245713012,2.322000
0245713112,2.304000
0245713212,2.304000
0245713312,2.304000
0245713412,2.286000
0245713512,2.286000
0245713612,2.268000
0245713712,2.268000
0245713812,2.268000
0245713912,2.250000
0245714012,2.250000
0245714112,2.250000
0245714212,2.232000
0245714312,2.232000
0245714412,2.214000
0245714512,2.214000
0245714612,2.214000
0245714712,2.196000
0245714812,2.196000
0245714912,2.178000
0245715012,2.178000
0245715112,2.178000
0245715212,2.160000
0245715312,2.160000
0245715412,2.160000
0245715512,2.142000
0245715612,2.142000
0245715712,2.124000
0245715812,2.124000
0245715912,2.124000
0245716012,2.106000
0245716112,2.106000
0245716212,2.088000
0245716312,2.088000
0245716412,2.088000
0245716512,2.070000
0245716612,2.070000
0245716712,2.052000
0245716812,2.052000
0245716912,2.052000
0245717012,2.034000
0245717112,2.034000
0245717212,2.034000
0245717312,2.016000
0245717412,2.016000
0245717512,1.998000
0245717612,1.998000
0245717712,1.998000
0245717812,1.980000
0245717912,1.980000
0245718012,1.962000
0245718112,1.962000
0245718212,1.962000
0245718312,1.944000
0245718412,1.944000
0245718512,1.926000
0245718612,1.926000
0245718712,1.926000
0245718812,1.908000
0245718912,1.908000
0245719012,1.908000
0245719112,1.890000
0245719212,1.890000
0245719312,1.872000
0245719412,1.872000
0245719512,1.872000
0245719612,1.854000
0245719712,1.854000
0245719812,1.836000
0245719912,1.836000
0245720012,1.836000
0245720112,1.818000
0245720212,1.818000
0245720312,1.800000
0245720412,1.800000
0245720512,1.800000
0245720612,1.782000
0245720712,1.782000
0245720812,1.782000
0245720912,1.764000
0245721012,1.764000
0245721112,1.746000
0245721212,1.746000
0245721312,1.746000
0245721412,1.728000
0245721512,1.728000
0245721612,1.710000
0245721712,1.710000
0245721812,1.710000
0245721912,1.692000
0245722012,1.692000
0245722112,1.674000
0245722212,1.674000
0245722312,1.674000
0245722412,1.656000
0245722512,1.656000
0245722612,1.638000
0245722712,1.638000
0245722812,1.638000
0245722912,1.620000
0245723012,1.620000
0245723112,1.602000
0245723212,1.602000
0245723312,1.602000
0245723412,1.584000
0245723512,1.584000
0245723612,1.584000
0245723712,1.566000
0245723812,1.566000
0245723912,1.566000
0245724012,1.566000
0245724112,1.566000
0245724212,1.566000
0245724312,1.566000
0245724412,1.566000
0245724512,1.566000
0245724612,1.566000
0245724712,1.566000
0245724812,1.566000
0245724912,1.566000
0245725012,1.566000
0245725112,1.566000
0245725212,1.566000
0245725312,1.566000
0245725412,1.566000
0245725512,1.566000
0245725612,1.566000
0245725712,1.566000
0245725812,1.566000
0245725912,1.566000
0245726012,1.566000
0245726112,1.566000
0245726212,1.566000
0245726312,1.566000
0245726412,1.566000
0245726512,1.566000
0245726612,1.566000
0245726712,1.566000
0245726812,1.566000
0245726912,1.566000
0245727012,1.566000
0245727112,1.566000
0245727212,1.566000
0245727312,1.566000
0245727412,1.566000
0245727512,1.566000
0245727612,1.566000
0245727712,1.566000
0245727812,1.566000
0245727912,1.566000
0245728012,1.566000
0245728112,1.566000
0245728212,1.566000
0245728312,1.566000
0245728412,1.566000
0245728512,1.566000
0245728612,1.566000
0245728712,1.566000
0245728812,1.566000
0245728912,1.566000
0245729012,1.566000
0245729112,1.566000
0245729212,1.566000
0245729312,1.566000
0245729412,1.566000
0245729512,1.566000
0245729612,1.566000
0245729712,1.566000
0245729812,1.566000
0245729912,1.566000
0245730012,1.566000
0245730112,1.566000
0245730212,1.566000
0245730312,1.566000
0245730412,1.566000
0245730512,1.566000
0245730612,1.566000
0245730712,1.566000
0245730812,1.566000
0245730912,1.566000
0245731012,1.548000
0245731112,1.512000
0245731212,1.458000
0245731312,1.386000
0245731412,1.314000
0245731512,1.242000
0245731612,1.170000
0245731712,1.098000
0245731812,1.044000
0245731912,0.972000
0245732012,0.900000
0245732112,0.828000
0245732212,0.756000
0245732312,0.684000
0245732412,0.612000
0245732512,0.540000
0245732612,0.486000
0245732712,0.414000
0245732812,0.342000
0245732912,0.270000
0245733012,0.198000
0245733112,0.126000
0245733212,0.054000
0245733312,-0.018000
0245733412,-0.090000
0245733512,-0.162000
0245733612,-0.216000
0245733712,-0.288000
0245733812,-0.360000
0245733912,-0.432000
0245734012,-0.504000
0245734112,-0.576000
0245734212,-0.648000
0245734312,-0.720000
0245734412,-0.792000
0245734512,-0.864000
0245734612,-0.936000
0245734712,-0.990000
0245734812,-1.062000
0245734912,-1.134000
0245735012,-1.206000
0245735112,-1.278000
0245735212,-1.350000
0245735312,-1.422000
0245735412,-1.494000
0245735512,-1.566000
0245735612,-1.638000
0245735712,-1.692000
0245735812,-1.764000
0245735912,-1.836000
0245736012,-1.908000
0245736112,-1.980000
0245736212,-2.052000
0245736312,-2.124000
0245736412,-2.196000
0245736512,-2.268000
0245736612,-2.340000
0245736712,-2.412000
0245736812,-2.484000
0245736912,-2.538000
0245737012,-2.610000
0245737112,-2.682000
0245737212,-2.754000
0245737312,-2.826000
0245737412,-2.898000
0245737512,-2.970000
0245737612,-3.024000
0245737712,-3.078000
0245737812,-3.096000
0245737912,-3.114000
0245738012,-3.114000
0245738112,-3.114000
0245738212,-3.114000
0245738312,-3.096000
0245738412,-3.060000
0245738512,-3.024000
0245738612,-2.952000
0245738712,-2.898000
0245738812,-2.826000
0245738912,-2.754000
0245739012,-2.700000
0245739112,-2.628000
0245739212,-2.556000
0245739312,-2.484000
0245739412,-2.412000
0245739512,-2.358000
0245739612,-2.286000
0245739712,-2.214000
0245739812,-2.142000
0245739912,-2.070000
0245740012,-1.998000
0245740112,-1.926000
0245740212,-1.854000
0245740312,-1.800000
0245740412,-1.728000
0245740512,-1.656000
0245740612,-1.584000
0245740712,-1.512000
0245740812,-1.440000
0245740912,-1.368000
0245741012,-1.314000
0245741112,-1.278000
0245741212,-1.260000
0245741312,-1.260000
0245741412,-1.278000
0245741512,-1.278000
0245741612,-1.278000
0245741712,-1.296000
0245741812,-1.332000
0245741912,-1.386000
0245742012,-1.440000
0245742112,-1.512000
0245742212,-1.584000
0245742312,-1.656000
0245742412,-1.728000
0245742512,-1.782000
0245742612,-1.854000
0245742712,-1.926000
0245742812,-1.998000
0245742912,-2.070000
0245743012,-2.142000
0245743112,-2.214000
0245743212,-2.286000
0245743312,-2.358000
0245743412,-2.430000
0245743512,-2.502000
0245743612,-2.556000
0245743712,-2.628000
0245743812,-2.700000
0245743912,-2.772000
0245744012,-2.844000
0245744112,-2.916000
0245744212,-2.988000
0245744312,-3.060000
0245744412,-3.132000
0245744512,-3.186000
0245744612,-3.258000
0245744712,-3.330000
0245744812,-3.402000
0245744912,-3.474000
0245745012,-3.546000
0245745112,-3.618000
0245745212,-3.690000
0245745312,-3.744000
0245745412,-3.816000
0245745512,-3.888000
0245745612,-3.960000
0245745712,-4.032000
0245745812,-4.104000
0245745912,-4.176000
0245746012,-4.248000
0245746112,-4.320000
0245746212,-4.392000
0245746312,-4.464000
0245746412,-4.536000
0245746512,-4.590000
0245746612,-4.662000
0245746712,-4.734000
0245746812,-4.806000
0245746912,-4.878000
0245747012,-4.950000
0245747112,-5.022000
0245747212,-5.094000
0245747312,-5.166000
0245747412,-5.238000
0245747512,-5.292000
0245747612,-5.364000
0245747712,-5.436000
0245747812,-5.508000
0245747912,-5.580000
0245748012,-5.652000
0245748112,-5.724000
0245748212,-5.796000
0245748312,-5.868000
0245748412,-5.940000
0245748512,-6.012000
0245748612,-6.066000
0245748712,-6.138000
0245748812,-6.210000
0245748912,-6.282000
0245749012,-6.354000
0245749112,-6.426000
0245749212,-6.498000
0245749312,-6.570000
0245749412,-6.642000
0245749512,-6.696000
0245749612,-6.768000
0245749712,-6.840000
0245749812,-6.912000
0245749912,-6.984000
0245750012,-7.056000
0245750112,-7.128000
0245750212,-7.200000
0245750312,-7.254000
0245750412,-7.326000
0245750512,-7.398000
0245750612,-7.470000
0245750712,-7.542000
0245750812,-7.614000
0245750912,-7.686000
0245751012,-7.758000
0245751112,-7.830000
0245751212,-7.902000
0245751312,-7.974000
0245751412,-8.028000
0245751512,-8.100000
0245751612,-8.172000
0245751712,-8.244000
0245751812,-8.316000
0245751912,-8.388000
0245752012,-8.460000
0245752112,-8.532000
0245752212,-8.604000
0245752312,-8.676000
0245752412,-8.730000
0245752512,-8.802000
0245752612,-8.874000
0245752712,-8.946000
0245752812,-9.018000
0245752912,-9.090000
0245753012,-9.162000
0245753112,-9.234000
0245753212,-9.306000
0245753312,-9.378000
0245753412,-9.450000
0245753512,-9.522000
0245753612,-9.594000
0245753712,-9.648000
0245753812,-9.720000
0245753912,-9.792000
0245754012,-9.864000
0245754112,-9.936000
0245754212,-10.008000
0245754312,-10.080000
0245754412,-10.152000
0245754512,-10.206000
0245754612,-10.278000
0245754712,-10.350000
0245754812,-10.422000
0245754912,-10.494000
0245755012,-10.566000
0245755112,-10.638000
0245755212,-10.710000
0245755312,-10.782000
0245755412,-10.854000
0245755512,-10.908000
0245755612,-10.980000
0245755712,-11.052000
0245755812,-11.124000
0245755912,-11.196000
0245756012,-11.268000
0245756112,-11.340000
0245756212,-11.412000
0245756312,-11.484000
0245756412,-11.556000
0245756512,-11.610000
0245756612,-11.682000
0245756712,-11.754000
0245756812,-11.826000
0245756912,-11.898000
0245757012,-11.970000
0245757112,-12.042000
0245757212,-12.114000
0245757312,-12.186000
0245757412,-12.258000
0245757512,-12.330000
0245757612,-12.384000
0245757712,-12.456000
0245757812,-12.528000
0245757912,-12.600000
0245758012,-12.672000
0245758112,-12.744000
0245758212,-12.816000
0245758312,-12.888000
0245758412,-12.960000
0245758512,-13.032000
0245758612,-13.104000
0245758712,-13.158000
0245758812,-13.230000
0245758912,-13.302000
0245759012,-13.374000
0245759112,-13.446000
0245759212,-13.518000
0245759312,-13.590000
0245759412,-13.662000
0245759512,-13.734000
0245759612,-13.806000
0245759712,-13.860000
0245759812,-13.932000
0245759912,-14.004000
0245760012,-14.076000
0245760112,-14.148000
0245760212,-14.220000
0245760312,-14.292000
0245760412,-14.364000
0245760512,-14.436000
0245760612,-14.490000
0245760712,-14.562000
0245760812,-14.634000
0245760912,-14.706000
0245761012,-14.778000
0245761112,-14.850000
0245761212,-14.922000
0245761312,-14.994000
0245761412,-15.066000
0245761512,-15.138000
0245761612,-15.210000
0245761712,-15.264000
0245761812,-15.336000
0245761912,-15.408000
0245762012,-15.480000
0245762112,-15.552000
0245762212,-15.624000
0245762312,-15.696000
0245762412,-15.768000
0245762512,-15.840000
0245762612,-15.912000
0245762712,-15.984000
0245762812,-16.038000
0245762912,-16.110001
0245763012,-16.181999
0245763112,-16.254000
0245763212,-16.326000
0245763312,-16.398001
0245763412,-16.469999
0245763512,-16.542000
0245763612,-16.614000
0245763712,-16.686001
0245763812,-16.757999
0245763912,-16.830000
0245764012,-16.884001
0245764112,-16.955999
0245764212,-17.028000
0245764312,-17.100000
0245764412,-17.172001
0245764512,-17.243999
0245764612,-17.316000
0245764712,-17.388000
0245764812,-17.459999
0245764912,-17.514000
0245765012,-17.586000
0245765112,-17.658001
0245765212,-17.730000
0245765312,-17.802000
0245765412,-17.874001
0245765512,-17.945999
0245765612,-18.018000
0245765712,-18.090000
0245765812,-18.162001
0245765912,-18.216000
0245766012,-18.288000
0245766112,-18.360001
0245766212,-18.431999
0245766312,-18.504000
0245766412,-18.576000
0245766512,-18.648001
0245766612,-18.719999
0245766712,-18.792000
0245766812,-18.864000
0245766912,-18.936001
0245767012,-18.990000
0245767112,-19.062000
0245767212,-19.134001
0245767312,-19.205999
0245767412,-19.278000
0245767512,-19.350000
0245767612,-19.422001
0245767712,-19.493999
0245767812,-19.566000
0245767912,-19.638000
0245768012,-19.709999
0245768112,-19.764000
0245768212,-19.836000
0245768312,-19.908001
0245768412,-19.980000
0245768512,-20.052000
0245768612,-20.124001
0245768712,-20.195999
0245768812,-20.268000
0245768912,-20.340000
0245769012,-20.412001
0245769112,-20.483999
0245769212,-20.538000
0245769312,-20.610001
0245769412,-20.681999
0245769512,-20.754000
0245769612,-20.826000
0245769712,-20.898001
0245769812,-20.969999
0245769912,-21.042000
0245770012,-21.114000
0245770112,-21.186001
0245770212,-21.240000
0245770312,-21.312000
0245770412,-21.384001
0245770512,-21.455999
0245770612,-21.528000
0245770712,-21.600000
0245770812,-21.672001
0245770912,-21.743999
0245771012,-21.816000
0245771112,-21.870001
0245771212,-21.941999
0245771312,-22.014000
0245771412,-22.086000
0245771512,-22.158001
0245771612,-22.230000
0245771712,-22.302000
0245771812,-22.374001
0245771912,-22.445999
0245772012,-22.518000
0245772112,-22.590000
0245772212,-22.643999
0245772312,-22.716000
0245772412,-22.788000
0245772512,-22.860001
0245772612,-22.931999
0245772712,-23.004000
0245772812,-23.076000
0245772912,-23.148001
0245773012,-23.219999
0245773112,-23.292000
0245773212,-23.364000
0245773312,-23.436001
0245773412,-23.490000
0245773512,-23.562000
0245773612,-23.634001
0245773712,-23.705999
0245773812,-23.778000
0245773912,-23.850000
0245774012,-23.922001
0245774112,-23.993999
0245774212,-24.066000
0245774312,-24.120001
0245774412,-24.174000
0245774512,-24.191999
0245774612,-24.209999
0245774712,-24.209999
0245774812,-24.209999
0245774912,-24.209999
0245775012,-24.191999
0245775112,-24.174000
0245775212,-24.138000
0245775312,-24.084000
0245775412,-24.011999
0245775512,-23.940001
0245775612,-23.886000
0245775712,-23.813999
0245775812,-23.742001
0245775912,-23.688000
0245776012,-23.615999
0245776112,-23.544001
0245776212,-23.472000
0245776312,-23.400000
0245776412,-23.327999
0245776512,-23.256001
0245776612,-23.202000
0245776712,-23.129999
0245776812,-23.058001
0245776912,-22.986000
0245777012,-22.914000
0245777112,-22.841999
0245777212,-22.770000
0245777312,-22.698000
0245777412,-22.625999
0245777512,-22.554001
0245777612,-22.482000
0245777712,-22.427999
0245777812,-22.356001
0245777912,-22.284000
0245778012,-22.212000
0245778112,-22.139999
0245778212,-22.068001
0245778312,-21.996000
0245778412,-21.924000
0245778512,-21.851999
0245778612,-21.780001
0245778712,-21.708000
0245778812,-21.653999
0245778912,-21.582001
0245779012,-21.510000
0245779112,-21.438000
0245779212,-21.365999
0245779312,-21.294001
0245779412,-21.222000
0245779512,-21.150000
0245779612,-21.077999
0245779712,-21.006001
0245779812,-20.934000
0245779912,-20.879999
0245780012,-20.808001
0245780112,-20.736000
0245780212,-20.664000
0245780312,-20.591999
0245780412,-20.520000
0245780512,-20.448000
0245780612,-20.375999
0245780712,-20.304001
0245780812,-20.232000
0245780912,-20.160000
0245781012,-20.106001
0245781112,-20.034000
0245781212,-19.962000
0245781312,-19.889999
0245781412,-19.818001
0245781512,-19.746000
0245781612,-19.674000
0245781712,-19.601999
0245781812,-19.530001
0245781912,-19.458000
0245782012,-19.386000
0245782112,-19.332001
0245782212,-19.260000
0245782312,-19.188000
0245782412,-19.115999
0245782512,-19.044001
0245782612,-18.972000
0245782712,-18.900000
0245782812,-18.827999
0245782912,-18.756001
0245783012,-18.684000
0245783112,-18.612000
0245783212,-18.558001
0245783312,-18.486000
0245783412,-18.414000
0245783512,-18.341999
0245783612,-18.270000
0245783712,-18.198000
0245783812,-18.125999
0245783912,-18.054001
0245784012,-17.982000
0245784112,-17.910000
0245784212,-17.837999
0245784312,-17.784000
0245784412,-17.712000
0245784512,-17.639999
0245784612,-17.568001
0245784712,-17.496000
0245784812,-17.424000
0245784912,-17.351999
0245785012,-17.280001
0245785112,-17.208000
0245785212,-17.136000
0245785312,-17.082001
0245785412,-17.010000
0245785512,-16.938000
0245785612,-16.865999
0245785712,-16.794001
0245785812,-16.722000
0245785912,-16.650000
0245786012,-16.577999
0245786112,-16.506001
0245786212,-16.434000
0245786312,-16.379999
0245786412,-16.308001
0245786512,-16.236000
0245786612,-16.164000
0245786712,-16.091999
0245786812,-16.020000
0245786912,-15.948000
0245787012,-15.876000
0245787112,-15.804000
0245787212,-15.732000
0245787312,-15.660000
0245787412,-15.606000
0245787512,-15.534000
0245787612,-15.462000
0245787712,-15.390000
0245787812,-15.318000
0245787912,-15.246000
0245788012,-15.174000
0245788112,-15.102000
0245788212,-15.030000
0245788312,-14.958000
0245788412,-14.886000
0245788512,-14.832000
0245788612,-14.742000
0245788712,-14.688000
0245788812,-14.616000
0245788912,-14.544000
0245789012,-14.472000
0245789112,-14.400000
0245789212,-14.328000
0245789312,-14.256000
0245789412,-14.184000
0245789512,-14.130000
0245789612,-14.058000
0245789712,-13.986000
0245789812,-13.914000
0245789912,-13.842000
0245790012,-13.770000
0245790112,-13.698000
0245790212,-13.626000
0245790312,-13.554000
0245790412,-13.482000
0245790512,-13.410000
0245790612,-13.356000
0245790712,-13.284000
0245790812,-13.212000
0245790912,-13.140000
0245791012,-13.068000
0245791112,-12.996000
0245791212,-12.924000
0245791312,-12.852000
0245791412,-12.780000
0245791512,-12.708000
0245791612,-12.654000
0245791712,-12.582000
0245791812,-12.510000
0245791912,-12.438000
0245792012,-12.366000
0245792112,-12.294000
0245792212,-12.222000
0245792312,-12.150000
0245792412,-12.078000
0245792512,-12.006000
0245792612,-11.934000
0245792712,-11.862000
0245792812,-11.808000
0245792912,-11.736000
0245793012,-11.664000
0245793112,-11.592000
0245793212,-11.520000
0245793312,-11.448000
0245793412,-11.376000
0245793512,-11.304000
0245793612,-11.232000
0245793712,-11.160000
0245793812,-11.088000
0245793912,-11.016000
0245794012,-10.962000
0245794112,-10.890000
0245794212,-10.818000
0245794312,-10.746000
0245794412,-10.674000
0245794512,-10.602000
0245794612,-10.530000
0245794712,-10.458000
0245794812,-10.386000
0245794912,-10.332000
0245795012,-10.260000
0245795112,-10.188000
0245795212,-10.116000
0245795312,-10.044000
0245795412,-9.972000
0245795512,-9.900000
0245795612,-9.828000
0245795712,-9.756000
0245795812,-9.684000
0245795912,-9.630000
0245796012,-9.558000
0245796112,-9.486000
0245796212,-9.414000
0245796312,-9.342000
0245796412,-9.270000
0245796512,-9.198000
0245796612,-9.126000
0245796712,-9.054000
0245796812,-8.982000
0245796912,-8.910000
0245797012,-8.856000
0245797112,-8.784000
0245797212,-8.712000
0245797312,-8.640000
0245797412,-8.568000
0245797512,-8.496000
0245797612,-8.424000
0245797712,-8.352000
0245797812,-8.280000
0245797912,-8.208000
0245798012,-8.136000
0245798112,-8.082000
0245798212,-8.010000
0245798312,-7.938000
0245798412,-7.866000
0245798512,-7.794000
0245798612,-7.722000
0245798712,-7.650000
0245798812,-7.578000
0245798912,-7.506000
0245799012,-7.434000
0245799112,-7.362000
0245799212,-7.308000
0245799312,-7.236000
0245799412,-7.164000
0245799512,-7.092000
0245799612,-7.020000
0245799712,-6.948000
0245799812,-6.876000
0245799912,-6.804000
0245800012,-6.732000
0245800112,-6.660000
0245800212,-6.606000
0245800312,-6.534000
0245800412,-6.462000
0245800512,-6.390000
0245800612,-6.318000
0245800712,-6.246000
0245800812,-6.174000
0245800912,-6.102000
0245801012,-6.030000
0245801112,-5.958000
0245801212,-5.904000
0245801312,-5.832000
0245801412,-5.760000
0245801512,-5.688000
0245801612,-5.616000
0245801712,-5.544000
0245801812,-5.472000
0245801912,-5.400000
0245802012,-5.328000
0245802112,-5.256000
0245802212,-5.184000
0245802312,-5.130000
0245802412,-5.058000
0245802512,-4.986000
0245802612,-4.914000
0245802712,-4.842000
0245802812,-4.770000
0245802912,-4.698000
0245803012,-4.626000
0245803112,-4.554000
0245803212,-4.482000
0245803312,-4.410000
0245803412,-4.356000
0245803512,-4.284000
0245803612,-4.212000
0245803712,-4.140000
0245803812,-4.068000
0245803912,-3.996000
0245804012,-3.924000
0245804112,-3.852000
0245804212,-3.780000
0245804312,-3.708000
0245804412,-3.654000
0245804512,-3.582000
0245804612,-3.510000
0245804712,-3.438000
0245804812,-3.366000
0245804912,-3.294000
0245805012,-3.222000
0245805112,-3.150000
0245805212,-3.078000
0245805312,-3.006000
0245805412,-2.934000
0245805512,-2.880000
0245805612,-2.808000
0245805712,-2.736000
0245805812,-2.664000
0245805912,-2.592000
0245806012,-2.520000
0245806112,-2.448000
0245806212,-2.376000
0245806312,-2.304000
0245806412,-2.232000
0245806512,-2.178000
0245806612,-2.106000
0245806712,-2.034000
0245806812,-1.962000
0245806912,-1.890000
0245807012,-1.818000
0245807112,-1.746000
0245807212,-1.674000
0245807312,-1.602000
0245807412,-1.530000
0245807512,-1.458000
0245807612,-1.404000
0245807712,-1.332000
0245807812,-1.296000
0245807912,-1.278000
0245808012,-1.278000
0245808112,-1.278000
0245808212,-1.296000
0245808312,-1.296000
0245808412,-1.314000
0245808512,-1.350000
0245808612,-1.386000
0245808712,-1.458000
0245808812,-1.512000
0245808912,-1.584000
0245809012,-1.656000
0245809112,-1.728000
0245809212,-1.782000
0245809312,-1.854000
0245809412,-1.926000
0245809512,-1.998000
0245809612,-2.070000
0245809712,-2.142000
0245809812,-2.214000
0245809912,-2.286000
0245810012,-2.358000
0245810112,-2.430000
0245810212,-2.502000
0245810312,-2.556000
0245810412,-2.628000
0245810512,-2.700000
0245810612,-2.772000
0245810712,-2.844000
0245810812,-2.916000
0245810912,-2.988000
0245811012,-3.060000
0245811112,-3.114000
0245811212,-3.186000
0245811312,-3.258000
0245811412,-3.330000
0245811512,-3.402000
0245811612,-3.474000
0245811712,-3.546000
0245811812,-3.618000
0245811912,-3.672000
0245812012,-3.744000
0245812112,-3.816000
0245812212,-3.888000
0245812312,-3.960000
0245812412,-4.032000
0245812512,-4.104000
0245812612,-4.176000
0245812712,-4.248000
0245812812,-4.320000
0245812912,-4.374000
0245813012,-4.446000
0245813112,-4.518000
0245813212,-4.590000
0245813312,-4.662000
0245813412,-4.734000
0245813512,-4.806000
0245813612,-4.878000
0245813712,-4.950000
0245813812,-5.022000
0245813912,-5.094000
0245814012,-5.166000
0245814112,-5.220000
0245814212,-5.292000
0245814312,-5.364000
0245814412,-5.436000
0245814512,-5.508000
0245814612,-5.580000
0245814712,-5.652000
0245814812,-5.724000
0245814912,-5.796000
0245815012,-5.868000
0245815112,-5.940000
0245815212,-6.012000
0245815312,-6.066000
0245815412,-6.138000
0245815512,-6.210000
0245815612,-6.282000
0245815712,-6.354000
0245815812,-6.426000
0245815912,-6.498000
0245816012,-6.570000
0245816112,-6.642000
0245816212,-6.696000
0245816312,-6.768000
0245816412,-6.840000
0245816512,-6.912000
0245816612,-6.984000
0245816712,-7.056000
0245816812,-7.128000
0245816912,-7.200000
0245817012,-7.254000
0245817112,-7.326000
0245817212,-7.398000
0245817312,-7.470000
0245817412,-7.542000
0245817512,-7.614000
0245817612,-7.686000
0245817712,-7.758000
0245817812,-7.830000
0245817912,-7.902000
0245818012,-7.956000
0245818112,-8.028000
0245818212,-8.100000
0245818312,-8.172000
0245818412,-8.244000
0245818512,-8.316000
0245818612,-8.388000
0245818712,-8.460000
0245818812,-8.532000
0245818912,-8.604000
0245819012,-8.676000
0245819112,-8.730000
0245819212,-8.802000
0245819312,-8.874000
0245819412,-8.946000
0245819512,-9.018000
0245819612,-9.090000
0245819712,-9.162000
0245819812,-9.234000
0245819912,-9.306000
0245820012,-9.378000
0245820112,-9.450000
0245820212,-9.522000
0245820312,-9.576000
0245820412,-9.648000
0245820512,-9.720000
0245820612,-9.792000
0245820712,-9.864000
0245820812,-9.936000
0245820912,-10.008000
0245821012,-10.080000
0245821112,-10.152000
0245821212,-10.206000
0245821312,-10.278000
0245821412,-10.350000
0245821512,-10.422000
0245821612,-10.494000
0245821712,-10.566000
0245821812,-10.638000
0245821912,-10.710000
0245822012,-10.782000
0245822112,-10.854000
0245822212,-10.908000
0245822312,-10.980000
0245822412,-11.052000
0245822512,-11.124000
0245822612,-11.196000
0245822712,-11.268000
0245822812,-11.340000
0245822912,-11.412000
0245823012,-11.484000
0245823112,-11.556000
0245823212,-11.610000
0245823312,-11.682000
0245823412,-11.754000
0245823512,-11.826000
0245823612,-11.898000
0245823712,-11.970000
0245823812,-12.042000
0245823912,-12.114000
0245824012,-12.186000
0245824112,-12.258000
0245824212,-12.330000
0245824312,-12.384000
0245824412,-12.456000
0245824512,-12.528000
0245824612,-12.600000
0245824712,-12.672000
0245824812,-12.744000
0245824912,-12.816000
0245825012,-12.888000
0245825112,-12.960000
0245825212,-13.032000
0245825312,-13.104000
0245825412,-13.158000
0245825512,-13.230000
0245825612,-13.302000
0245825712,-13.374000
0245825812,-13.446000
0245825912,-13.518000
0245826012,-13.590000
0245826112,-13.662000
0245826212,-13.734000
0245826312,-13.806000
0245826412,-13.878000
0245826512,-13.932000
0245826612,-14.004000
0245826712,-14.076000
0245826812,-14.148000
0245826912,-14.220000
0245827012,-14.292000
0245827112,-14.364000
0245827212,-14.436000
0245827312,-14.490000
0245827412,-14.562000
0245827512,-14.634000
0245827612,-14.706000
0245827712,-14.778000
0245827812,-14.850000
0245827912,-14.922000
0245828012,-14.994000
0245828112,-15.066000
0245828212,-15.138000
0245828312,-15.210000
0245828412,-15.264000
0245828512,-15.336000
0245828612,-15.408000
0245828712,-15.480000
0245828812,-15.552000
0245828912,-15.624000
0245829012,-15.696000
0245829112,-15.768000
0245829212,-15.840000
0245829312,-15.912000
0245829412,-15.984000
0245829512,-16.056000
0245829612,-16.110001
0245829712,-16.181999
0245829812,-16.254000
0245829912,-16.326000
0245830012,-16.398001
0245830112,-16.469999
0245830212,-16.542000
0245830312,-16.614000
0245830412,-16.686001
0245830512,-16.757999
0245830612,-16.830000
0245830712,-16.884001
0245830812,-16.955999
0245830912,-17.028000
0245831012,-17.100000
0245831112,-17.172001
0245831212,-17.243999
0245831312,-17.316000
0245831412,-17.388000
0245831512,-17.459999
0245831612,-17.532000
0245831712,-17.586000
0245831812,-17.658001
0245831912,-17.730000
0245832012,-17.802000
0245832112,-17.874001
0245832212,-17.945999
0245832312,-18.018000
0245832412,-18.090000
0245832512,-18.162001
0245832612,-18.216000
0245832712,-18.288000
0245832812,-18.360001
0245832912,-18.431999
0245833012,-18.504000
0245833112,-18.576000
0245833212,-18.648001
0245833312,-18.719999
0245833412,-18.792000
0245833512,-18.864000
0245833612,-18.936001
0245833712,-18.990000
0245833812,-19.062000
0245833912,-19.134001
0245834012,-19.205999
0245834112,-19.278000
0245834212,-19.350000
0245834312,-19.422001
0245834412,-19.493999
0245834512,-19.566000
0245834612,-19.638000
0245834712,-19.709999
0245834812,-19.764000
0245834912,-19.836000
0245835012,-19.908001
0245835112,-19.980000
0245835212,-20.052000
0245835312,-20.124001
0245835412,-20.195999
0245835512,-20.268000
0245835612,-20.340000
0245835712,-20.412001
0245835812,-20.483999
0245835912,-20.538000
0245836012,-20.610001
0245836112,-20.681999
0245836212,-20.754000
0245836312,-20.826000
0245836412,-20.898001
0245836512,-20.969999
0245836612,-21.042000
0245836712,-21.114000
0245836812,-21.186001
0245836912,-21.240000
0245837012,-21.312000
0245837112,-21.384001
0245837212,-21.455999
0245837312,-21.528000
0245837412,-21.600000
0245837512,-21.672001
0245837612,-21.743999
0245837712,-21.816000
0245837812,-21.870001
0245837912,-21.941999
0245838012,-22.014000
0245838112,-22.086000
0245838212,-22.158001
0245838312,-22.230000
0245838412,-22.302000
0245838512,-22.374001
0245838612,-22.445999
0245838712,-22.518000
0245838812,-22.590000
0245838912,-22.662001
0245839012,-22.716000
0245839112,-22.788000
0245839212,-22.860001
0245839312,-22.931999
0245839412,-23.004000
0245839512,-23.076000
0245839612,-23.148001
0245839712,-23.219999
0245839812,-23.292000
0245839912,-23.364000
0245840012,-23.436001
0245840112,-23.490000
0245840212,-23.562000
0245840312,-23.634001
0245840412,-23.705999
0245840512,-23.778000
0245840612,-23.850000
0245840712,-23.922001
0245840812,-23.993999
0245840912,-24.066000
0245841012,-24.120001
0245841112,-24.174000
0245841212,-24.191999
0245841312,-24.209999
0245841412,-24.191999
0245841512,-24.191999
0245841612,-24.191999
0245841712,-24.191999
0245841812,-24.156000
0245841912,-24.120001
0245842012,-24.066000
0245842112,-24.011999
0245842212,-23.940001
0245842312,-23.868000
0245842412,-23.796000
0245842512,-23.742001
0245842612,-23.670000
0245842712,-23.598000
0245842812,-23.525999
0245842912,-23.454000
0245843012,-23.400000
0245843112,-23.327999
0245843212,-23.256001
0245843312,-23.184000
0245843412,-23.112000
0245843512,-23.040001
0245843612,-22.968000
0245843712,-22.896000
0245843812,-22.823999
0245843912,-22.752001
0245844012,-22.680000
0245844112,-22.625999
0245844212,-22.554001
0245844312,-22.482000
0245844412,-22.410000
0245844512,-22.337999
0245844612,-22.266001
0245844712,-22.194000
0245844812,-22.122000
0245844912,-22.049999
0245845012,-21.978001
0245845112,-21.906000
0245845212,-21.851999
0245845312,-21.780001
0245845412,-21.708000
0245845512,-21.636000
0245845612,-21.563999
0245845712,-21.492001
0245845812,-21.420000
0245845912,-21.348000
0245846012,-21.275999
0245846112,-21.204000
0245846212,-21.150000
0245846312,-21.077999
0245846412,-21.006001
0245846512,-20.934000
0245846612,-20.862000
0245846712,-20.790001
0245846812,-20.718000
0245846912,-20.646000
0245847012,-20.573999
0245847112,-20.502001
0245847212,-20.430000
0245847312,-20.375999
0245847412,-20.304001
0245847512,-20.232000
0245847612,-20.160000
0245847712,-20.087999
0245847812,-20.016001
0245847912,-19.944000
0245848012,-19.872000
0245848112,-19.799999
0245848212,-19.728001
0245848312,-19.656000
0245848412,-19.601999
0245848512,-19.530001
0245848612,-19.458000
0245848712,-19.386000
0245848812,-19.313999
0245848912,-19.242001
0245849012,-19.170000
0245849112,-19.098000
0245849212,-19.025999
0245849312,-18.954000
0245849412,-18.882000
0245849512,-18.809999
0245849612,-18.738001
0245849712,-18.684000
0245849812,-18.612000
0245849912,-18.540001
0245850012,-18.468000
0245850112,-18.396000
0245850212,-18.323999
0245850312,-18.252001
0245850412,-18.180000
0245850512,-18.108000
0245850612,-18.035999
0245850712,-17.982000
0245850812,-17.910000
0245850912,-17.837999
0245851012,-17.766001
0245851112,-17.694000
0245851212,-17.622000
0245851312,-17.549999
0245851412,-17.478001
0245851512,-17.406000
0245851612,-17.334000
0245851712,-17.261999
0245851812,-17.208000
0245851912,-17.136000
0245852012,-17.063999
0245852112,-16.992001
0245852212,-16.920000
0245852312,-16.848000
0245852412,-16.775999
0245852512,-16.704000
0245852612,-16.632000
0245852712,-16.577999
0245852812,-16.506001
0245852912,-16.434000
0245853012,-16.362000
0245853112,-16.290001
0245853212,-16.218000
0245853312,-16.146000
0245853412,-16.073999
0245853512,-16.002001
0245853612,-15.930000
0245853712,-15.858000
0245853812,-15.786000
0245853912,-15.732000
0245854012,-15.660000
0245854112,-15.588000
0245854212,-15.516000
0245854312,-15.444000
0245854412,-15.372000
0245854512,-15.300000
0245854612,-15.228000
0245854712,-15.156000
0245854812,-15.084000
0245854912,-15.012000
0245855012,-14.958000
0245855112,-14.886000
0245855212,-14.814000
0245855312,-14.742000
0245855412,-14.670000
0245855512,-14.598000
0245855612,-14.526000
0245855712,-14.454000
0245855812,-14.382000
0245855912,-14.328000
0245856012,-14.256000
0245856112,-14.184000
0245856212,-14.112000
0245856312,-14.040000
0245856412,-13.968000
0245856512,-13.896000
0245856612,-13.824000
0245856712,-13.752000
0245856812,-13.680000
0245856912,-13.608000
0245857012,-13.554000
0245857112,-13.482000
0245857212,-13.410000
0245857312,-13.338000
0245857412,-13.266000
0245857512,-13.194000
0245857612,-13.122000
0245857712,-13.050000
0245857812,-12.978000
0245857912,-12.906000
0245858012,-12.852000
0245858112,-12.780000
0245858212,-12.708000
0245858312,-12.636000
0245858412,-12.564000
0245858512,-12.492000
0245858612,-12.420000
0245858712,-12.348000
0245858812,-12.276000
0245858912,-12.204000
0245859012,-12.132000
0245859112,-12.060000
0245859212,-11.988000
0245859312,-11.934000
0245859412,-11.862000
0245859512,-11.790000
0245859612,-11.718000
0245859712,-11.646000
0245859812,-11.574000
0245859912,-11.502000
0245860012,-11.430000
0245860112,-11.358000
0245860212,-11.286000
0245860312,-11.214000
0245860412,-11.160000
0245860512,-11.088000
0245860612,-11.016000
0245860712,-10.944000
0245860812,-10.872000
0245860912,-10.800000
0245861012,-10.728000
0245861112,-10.656000
0245861212,-10.584000
0245861312,-10.530000
0245861412,-10.458000
0245861512,-10.386000
0245861612,-10.314000
0245861712,-10.242000
0245861812,-10.170000
0245861912,-10.098000
0245862012,-10.026000
0245862112,-9.954000
0245862212,-9.882000
0245862312,-9.810000
0245862412,-9.756000
0245862512,-9.684000
0245862612,-9.612000
0245862712,-9.540000
0245862812,-9.468000
0245862912,-9.396000
0245863012,-9.324000
0245863112,-9.252000
0245863212,-9.180000
0245863312,-9.126000
0245863412,-9.054000
0245863512,-8.982000
0245863612,-8.910000
0245863712,-8.838000
0245863812,-8.766000
0245863912,-8.694000
0245864012,-8.622000
0245864112,-8.550000
0245864212,-8.478000
0245864312,-8.406000
0245864412,-8.334000
0245864512,-8.262000
0245864612,-8.208000
0245864712,-8.136000
0245864812,-8.064000
0245864912,-7.992000
0245865012,-7.920000
0245865112,-7.848000
0245865212,-7.776000
0245865312,-7.704000
0245865412,-7.632000
0245865512,-7.560000
0245865612,-7.506000
0245865712,-7.434000
0245865812,-7.362000
0245865912,-7.290000
0245866012,-7.218000
0245866112,-7.146000
0245866212,-7.074000
0245866312,-7.002000
0245866412,-6.930000
0245866512,-6.858000
0245866612,-6.786000
0245866712,-6.732000
0245866812,-6.660000
0245866912,-6.588000
0245867012,-6.516000
0245867112,-6.444000
0245867212,-6.372000
0245867312,-6.300000
0245867412,-6.228000
0245867512,-6.156000
0245867612,-6.102000
0245867712,-6.030000
0245867812,-5.958000
0245867912,-5.886000
0245868012,-5.814000
0245868112,-5.742000
0245868212,-5.670000
0245868312,-5.598000
0245868412,-5.526000
0245868512,-5.454000
0245868612,-5.400000
0245868712,-5.328000
0245868812,-5.256000
0245868912,-5.184000
0245869012,-5.112000
0245869112,-5.040000
0245869212,-4.968000
0245869312,-4.896000
0245869412,-4.824000
0245869512,-4.752000
0245869612,-4.680000
0245869712,-4.608000
0245869812,-4.554000
0245869912,-4.482000
0245870012,-4.410000
0245870112,-4.338000
0245870212,-4.266000
0245870312,-4.194000
0245870412,-4.122000
0245870512,-4.050000
0245870612,-3.978000
0245870712,-3.906000
0245870812,-3.834000
0245870912,-3.780000
0245871012,-3.708000
0245871112,-3.636000
0245871212,-3.564000
0245871312,-3.492000
0245871412,-3.420000
0245871512,-3.348000
0245871612,-3.276000
0245871712,-3.204000
0245871812,-3.150000
0245871912,-3.078000
0245872012,-3.006000
0245872112,-2.934000
0245872212,-2.862000
0245872312,-2.790000
0245872412,-2.718000
0245872512,-2.646000
0245872612,-2.574000
0245872712,-2.502000
0245872812,-2.430000
0245872912,-2.376000
0245873012,-2.304000
0245873112,-2.232000
0245873212,-2.160000
0245873312,-2.088000
0245873412,-2.016000
0245873512,-1.944000
0245873612,-1.872000
0245873712,-1.800000
0245873812,-1.728000
0245873912,-1.674000
0245874012,-1.602000
0245874112,-1.530000
0245874212,-1.458000
0245874312,-1.386000
0245874412,-1.314000
0245874512,-1.242000
0245874612,-1.170000
0245874712,-1.098000
0245874812,-1.026000
0245874912,-0.954000
0245875012,-0.882000
0245875112,-0.810000
0245875212,-0.756000
0245875312,-0.684000
0245875412,-0.612000
0245875512,-0.540000
0245875612,-0.468000
0245875712,-0.396000
0245875812,-0.324000
0245875912,-0.270000
0245876012,-0.234000
0245876112,-0.216000
0245876212,-0.216000
0245876312,-0.216000
0245876412,-0.216000
0245876512,-0.216000
0245876612,-0.216000
0245876712,-0.216000
0245876812,-0.216000
0245876912,-0.216000
0245877012,-0.216000
0245877112,-0.216000
0245877212,-0.216000
0245877312,-0.216000
0245877412,-0.216000
0245877512,-0.216000
0245877612,-0.216000
0245877712,-0.216000
0245877812,-0.216000
0245877912,-0.216000
0245878012,-0.216000
0245878112,-0.216000
0245878212,-0.216000
0245878312,-0.216000
0245878412,-0.216000
0245878512,-0.216000
0245878612,-0.216000
0245878712,-0.216000
0245878812,-0.216000
0245878912,-0.216000
0245879012,-0.216000
0245879112,-0.216000
0245879212,-0.216000
0245879312,-0.216000
0245879412,-0.216000
0245879512,-0.216000
0245879612,-0.216000
0245879712,-0.216000
0245879812,-0.216000
0245879912,-0.216000
0245880012,-0.216000
0245880112,-0.216000
0245880212,-0.216000
0245880312,-0.216000
0245880412,-0.216000
0245880512,-0.216000
0245880612,-0.216000
0245880712,-0.216000
0245880812,-0.216000
0245880912,-0.216000
0245881012,-0.216000
0245881112,-0.216000
0245881212,-0.216000
0245881312,-0.216000
0245881412,-0.216000
0245881512,-0.216000
0245881612,-0.216000
0245881712,-0.216000
0245881812,-0.216000
0245881912,-0.216000
0245882012,-0.216000
0245882112,-0.216000
0245882212,-0.216000
0245882312,-0.216000
0245882412,-0.216000
0245882512,-0.216000
0245882612,-0.216000
0245882712,-0.216000
0245882812,-0.216000
0245882912,-0.216000
0245883012,-0.216000
0245883112,-0.216000
0245883212,-0.216000
0245883312,-0.216000
0245883412,-0.216000
0245883512,-0.216000
0245883612,-0.216000
0245883712,-0.216000
0245883812,-0.216000
0245883912,-0.216000
0245884012,-0.216000
0245884112,-0.216000
0245884212,-0.216000
0245884312,-0.216000
0245884412,-0.216000
0245884512,-0.216000
0245884612,-0.216000
0245884712,-0.216000
0245884812,-0.216000
0245884912,-0.216000
0245885012,-0.216000
0245885112,-0.216000
0245885212,-0.216000
0245885312,-0.216000
0245885412,-0.216000
0245885512,-0.216000
0245885612,-0.216000
0245885712,-0.216000
0245885812,-0.216000
0245885912,-0.216000
0245886012,-0.216000
0245886112,-0.216000
0245886212,-0.216000
0245886312,-0.216000
0245886412,-0.216000
0245886512,-0.216000
0245886612,-0.216000
0245886712,-0.216000
0245886812,-0.216000
0245886912,-0.216000
0245887012,-0.216000
0245887112,-0.216000
0245887212,-0.216000
0245887312,-0.216000
0245887412,-0.216000
0245887512,-0.216000
0245887612,-0.216000
0245887712,-0.216000
0245887812,-0.216000
0245887912,-0.216000
0245888012,-0.216000
0245888112,-0.216000
0245888212,-0.216000
0245888312,-0.216000
0245888412,-0.216000
0245888512,-0.216000
0245888612,-0.216000
0245888712,-0.216000
0245888812,-0.216000
0245888912,-0.216000
0245889012,-0.216000
0245889112,-0.216000
0245889212,-0.216000
0245889312,-0.216000
0245889412,-0.216000
0245889512,-0.216000
0245889612,-0.216000
0245889712,-0.216000
0245889812,-0.216000
0245889912,-0.216000
0245890012,-0.216000
0245890112,-0.216000
0245890212,-0.216000
0245890312,-0.216000
0245890412,-0.216000
0245890512,-0.216000
0245890612,-0.216000
0245890712,-0.216000
0245890812,-0.216000
0245890912,-0.216000
0245891012,-0.216000
0245891112,-0.216000
0245891212,-0.216000
0245891312,-0.216000
0245891412,-0.216000
0245891512,-0.216000
0245891612,-0.216000
0245891712,-0.216000
0245891812,-0.216000
0245891912,-0.216000
0245892012,-0.216000
0245892112,-0.216000
0245892212,-0.216000
0245892312,-0.216000
0245892412,-0.216000
0245892512,-0.216000
0245892612,-0.216000
0245892712,-0.216000
0245892812,-0.216000
0245892912,-0.216000
0245893012,-0.216000
0245893112,-0.216000
0245893212,-0.216000
0245893312,-0.216000
0245893412,-0.216000
0245893512,-0.216000
0245893612,-0.216000
0245893712,-0.216000
0245893812,-0.216000
0245893912,-0.216000
0245894012,-0.216000
0245894112,-0.216000
0245894212,-0.216000
0245894312,-0.216000
0245894412,-0.216000
0245894512,-0.216000
0245894612,-0.216000
0245894712,-0.216000
0245894812,-0.216000
0245894912,-0.216000
0245895012,-0.216000
0245895112,-0.216000
0245895212,-0.216000
0245895312,-0.216000
0245895412,-0.216000
0245895512,-0.216000
0245895612,-0.216000
0245895712,-0.216000
0245895812,-0.216000
0245895912,-0.216000
0245896012,-0.216000
0245896112,-0.216000
0245896212,-0.216000
0245896312,-0.216000
0245896412,-0.216000
0245896512,-0.216000
0245896612,-0.216000
0245896712,-0.216000
0245896812,-0.216000
0245896912,-0.216000
0245897012,-0.216000
0245897112,-0.216000
0245897212,-0.216000
0245897312,-0.216000
0245897412,-0.216000
0245897512,-0.216000
0245897612,-0.216000
0245897712,-0.216000
0245897812,-0.216000
0245897912,-0.216000
0245898012,-0.216000
0245898112,-0.216000
0245898212,-0.216000
0245898312,-0.216000
0245898412,-0.216000
0245898512,-0.216000
0245898612,-0.216000
0245898712,-0.216000
0245898812,-0.216000
0245898912,-0.216000
0245899012,-0.216000
0245899112,-0.216000
0245899212,-0.216000
0245899312,-0.216000
0245899412,-0.216000
0245899512,-0.216000
0245899612,-0.216000
0245899712,-0.216000
0245899812,-0.216000
0245899912,-0.216000
0245900012,-0.216000
0245900112,-0.216000
0245900212,-0.216000
0245900312,-0.216000
0245900412,-0.216000
0245900512,-0.216000
0245900612,-0.216000
0245900712,-0.216000
0245900812,-0.216000
0245900912,-0.216000
0245901012,-0.216000
0245901112,-0.216000
0245901212,-0.216000
0245901312,-0.216000
0245901412,-0.216000
0245901512,-0.216000
0245901612,-0.216000
0245901712,-0.216000
0245901812,-0.216000
0245901912,-0.216000
0245902012,-0.216000
0245902112,-0.216000
0245902212,-0.216000
0245902312,-0.216000
0245902412,-0.216000
0245902512,-0.216000
0245902612,-0.216000
0245902712,-0.216000
0245902812,-0.216000
0245902912,-0.216000
0245903012,-0.216000
0245903112,-0.216000
0245903212,-0.216000
0245903312,-0.216000
0245903412,-0.216000
0245903512,-0.216000
0245903612,-0.216000
0245903712,-0.216000
0245903812,-0.216000
0245903912,-0.216000
0245904012,-0.216000
0245904112,-0.216000
0245904212,-0.216000
0245904312,-0.216000
0245904412,-0.216000
0245904512,-0.216000
0245904612,-0.216000
0245904712,-0.216000
0245904812,-0.216000
0245904912,-0.216000
0245905012,-0.216000
0245905112,-0.216000
0245905212,-0.216000
0245905312,-0.216000
0245905412,-0.216000
0245905512,-0.216000
0245905612,-0.216000
0245905712,-0.216000
0245905812,-0.216000
0245905912,-0.216000
0245906012,-0.216000
0245906112,-0.216000
0245906212,-0.216000
0245906312,-0.216000
0245906412,-0.216000
0245906512,-0.216000
0245906612,-0.216000
0245906712,-0.216000
0245906812,-0.216000
0245906912,-0.216000
0245907012,-0.216000
0245907112,-0.216000
0245907212,-0.216000
0245907312,-0.216000
0245907412,-0.216000
0245907512,-0.216000
0245907612,-0.216000
0245907712,-0.216000
0245907812,-0.216000
0245907912,-0.216000
0245908012,-0.216000
0245908112,-0.216000
0245908212,-0.216000
0245908312,-0.216000
0245908412,-0.216000
0245908512,-0.216000
0245908612,-0.216000
0245908712,-0.216000
0245908812,-0.216000
0245908912,-0.216000
0245909012,-0.216000
0245909112,-0.216000
0245909212,-0.216000
0245909312,-0.216000
0245909412,-0.216000
0245909512,-0.216000
0245909612,-0.216000
0245909712,-0.216000
0245909812,-0.216000
0245909912,-0.216000
0245910012,-0.216000
0245910112,-0.216000
0245910212,-0.216000
0245910312,-0.216000
0245910412,-0.216000
0245910512,-0.216000
0245910612,-0.216000
0245910712,-0.216000
0245910812,-0.216000
0245910912,-0.216000
0245911012,-0.216000
0245911112,-0.216000
0245911212,-0.216000
0245911312,-0.216000
0245911412,-0.216000
0245911512,-0.216000
0245911612,-0.216000
0245911712,-0.216000
0245911812,-0.216000
0245911912,-0.216000
0245912012,-0.216000
0245912112,-0.216000
0245912212,-0.216000
0245912312,-0.216000
0245912412,-0.216000
0245912512,-0.216000
0245912612,-0.216000
0245912712,-0.216000
0245912812,-0.216000
0245912912,-0.216000
0245913012,-0.216000
0245913112,-0.216000
0245913212,-0.216000
0245913312,-0.216000
0245913412,-0.216000
0245913512,-0.216000
0245913612,-0.216000
0245913712,-0.216000
0245913812,-0.216000
0245913912,-0.216000
0245914012,-0.216000
0245914112,-0.216000
0245914212,-0.216000
0245914312,-0.216000
0245914412,-0.216000
0245914512,-0.216000
0245914612,-0.216000
0245914712,-0.216000
0245914812,-0.216000
0245914912,-0.216000
0245915012,-0.216000
0245915112,-0.216000
0245915212,-0.216000
0245915312,-0.216000
0245915412,-0.216000
0245915512,-0.216000
0245915612,-0.216000
0245915712,-0.216000
0245915812,-0.216000
0245915912,-0.216000
0245916012,-0.216000
0245916112,-0.216000
0245916212,-0.216000
0245916312,-0.216000
0245916412,-0.216000
0245916512,-0.216000
0245916612,-0.216000
0245916712,-0.216000
0245916812,-0.216000
0245916912,-0.216000
0245917012,-0.216000
0245917112,-0.216000
0245917212,-0.216000
0245917312,-0.216000
0245917412,-0.216000
0245917512,-0.216000
0245917612,-0.216000
0245917712,-0.216000
0245917812,-0.216000
0245917912,-0.216000
0245918012,-0.216000
0245918112,-0.216000
0245918212,-0.216000
0245918312,-0.216000
0245918412,-0.216000
0245918512,-0.216000
0245918612,-0.216000
0245918712,-0.216000
0245918812,-0.216000
0245918912,-0.216000
0245919012,-0.216000
0245919112,-0.216000
0245919212,-0.216000
0245919312,-0.216000
0245919412,-0.216000
0245919512,-0.216000
0245919612,-0.216000
0245919712,-0.216000
0245919812,-0.216000
0245919912,-0.216000
0245920012,-0.216000
0245920112,-0.216000
0245920212,-0.216000
0245920312,-0.216000
0245920412,-0.216000
0245920512,-0.216000
0245920612,-0.216000
0245920712,-0.216000
0245920812,-0.216000
0245920912,-0.216000
0245921012,-0.216000
0245921112,-0.216000
0245921212,-0.216000
0245921312,-0.216000
0245921412,-0.216000
0245921512,-0.216000
0245921612,-0.216000
0245921712,-0.216000
0245921812,-0.216000
0245921912,-0.216000
0245922012,-0.216000
0245922112,-0.216000
0245922212,-0.216000
0245922312,-0.216000
0245922412,-0.216000
0245922512,-0.216000
0245922612,-0.216000
0245922712,-0.216000
0245922812,-0.216000
0245922912,-0.216000
0245923012,-0.216000
0245923112,-0.216000
0245923212,-0.216000
0245923312,-0.216000
0245923412,-0.216000
0245923512,-0.216000
0245923612,-0.216000
0245923712,-0.216000
0245923812,-0.216000
0245923912,-0.216000
0245924012,-0.216000
0245924112,-0.216000
0245924212,-0.216000
0245924312,-0.216000
0245924412,-0.216000
0245924512,-0.216000
0245924612,-0.216000
0245924712,-0.216000
0245924812,-0.216000
0245924912,-0.216000
0245925012,-0.216000
0245925112,-0.216000
0245925212,-0.216000
0245925312,-0.216000
0245925412,-0.216000
0245925512,-0.216000
0245925612,-0.216000
0245925712,-0.216000
0245925812,-0.216000
0245925912,-0.216000
0245926012,-0.216000
0245926112,-0.216000
0245926212,-0.216000
0245926312,-0.216000
0245926412,-0.216000
0245926512,-0.216000
0245926612,-0.216000
0245926712,-0.216000
0245926812,-0.216000
0245926912,-0.216000
0245927012,-0.216000
0245927112,-0.216000
0245927212,-0.216000
0245927312,-0.216000
0245927412,-0.216000
0245927512,-0.216000
0245927612,-0.216000
0245927712,-0.216000
0245927812,-0.216000
0245927912,-0.216000
0245928012,-0.216000
0245928112,-0.216000
0245928212,-0.216000
0245928312,-0.216000
0245928412,-0.216000
0245928512,-0.216000
0245928612,-0.216000
0245928712,-0.216000
0245928812,-0.216000
0245928912,-0.216000
0245929012,-0.216000
0245929112,-0.216000
0245929212,-0.216000
0245929312,-0.216000
0245929412,-0.216000
0245929512,-0.216000
0245929612,-0.216000
0245929712,-0.216000
0245929812,-0.216000
0245929912,-0.216000
0245930012,-0.216000
0245930112,-0.216000
0245930212,-0.216000
0245930312,-0.216000
0245930412,-0.216000
0245930512,-0.216000
0245930612,-0.216000
0245930712,-0.216000
0245930812,-0.216000
0245930912,-0.216000
0245931012,-0.216000
0245931112,-0.216000
0245931212,-0.216000
0245931312,-0.216000
0245931412,-0.216000
0245931512,-0.216000
0245931612,-0.216000
0245931712,-0.216000
0245931812,-0.216000
0245931912,-0.216000
0245932012,-0.216000
0245932112,-0.216000
0245932212,-0.216000
0245932312,-0.216000
0245932412,-0.216000
0245932512,-0.216000
0245932612,-0.216000
0245932712,-0.216000
0245932812,-0.216000
0245932912,-0.216000
0245933012,-0.216000
0245933112,-0.216000
0245933212,-0.216000
0245933312,-0.216000
0245933412,-0.216000
0245933512,-0.216000
0245933612,-0.216000
0245933712,-0.216000
0245933812,-0.216000
0245933912,-0.216000
0245934012,-0.216000
0245934112,-0.216000
0245934212,-0.216000
0245934312,-0.216000
0245934412,-0.216000
0245934512,-0.216000
0245934612,-0.216000
0245934712,-0.216000
0245934812,-0.216000
0245934912,-0.216000
0245935012,-0.216000
0245935112,-0.216000
0245935212,-0.216000
0245935312,-0.216000
0245935412,-0.216000
0245935512,-0.216000
0245935612,-0.216000
0245935712,-0.216000
0245935812,-0.216000
0245935912,-0.216000
0245936012,-0.216000
0245936112,-0.216000
0245936212,-0.216000
0245936312,-0.216000
0245936412,-0.216000
0245936512,-0.216000
0245936612,-0.216000
0245936712,-0.216000
0245936812,-0.216000
0245936912,-0.216000
0245937012,-0.216000
0245937112,-0.216000
0245937212,-0.216000
0245937312,-0.216000
0245937412,-0.216000
0245937512,-0.216000
0245937612,-0.216000
0245937712,-0.216000
0245937812,-0.216000
0245937912,-0.216000
0245938012,-0.216000
0245938112,-0.216000
0245938212,-0.216000
0245938312,-0.216000
0245938412,-0.216000
0245938512,-0.216000
0245938612,-0.216000
0245938712,-0.216000
0245938812,-0.216000
0245938912,-0.216000
0245939012,-0.216000
0245939112,-0.216000
0245939212,-0.216000
0245939312,-0.216000
0245939412,-0.216000
0245939512,-0.216000
0245939612,-0.216000
0245939712,-0.216000
0245939812,-0.216000
0245939912,-0.216000
0245940012,-0.216000
0245940112,-0.216000
0245940212,-0.216000
0245940312,-0.216000
0245940412,-0.216000
0245940512,-0.216000
0245940612,-0.216000
0245940712,-0.216000
0245940812,-0.216000
0245940912,-0.216000
0245941012,-0.216000
0245941112,-0.216000
0245941212,-0.216000
0245941312,-0.216000
0245941412,-0.216000
0245941512,-0.216000
0245941612,-0.216000
0245941712,-0.216000
0245941812,-0.216000
0245941912,-0.216000
0245942012,-0.216000
0245942112,-0.216000
0245942212,-0.216000
0245942312,-0.216000
0245942412,-0.216000
0245942512,-0.216000
0245942612,-0.216000
0245942712,-0.216000
0245942812,-0.216000
0245942912,-0.216000
0245943012,-0.216000
0245943112,-0.216000
0245943212,-0.216000
0245943312,-0.216000
0245943412,-0.216000
0245943512,-0.216000
0245943612,-0.216000
0245943712,-0.216000
0245943812,-0.216000
0245943912,-0.216000
0245944012,-0.216000
0245944112,-0.216000
0245944212,-0.216000
0245944312,-0.216000
0245944412,-0.216000
0245944512,-0.216000
0245944612,-0.216000
0245944712,-0.216000
0245944812,-0.216000
0245944912,-0.216000
0245945012,-0.216000
0245945112,-0.216000
0245945212,-0.216000
0245945312,-0.216000
0245945412,-0.216000
0245945512,-0.216000
0245945612,-0.216000
0245945712,-0.216000
0245945812,-0.216000
0245945912,-0.216000
0245946012,-0.216000
0245946112,-0.216000
0245946212,-0.216000
0245946312,-0.216000
0245946412,-0.216000
0245946512,-0.216000
0245946612,-0.216000
0245946712,-0.216000
0245946812,-0.216000
0245946912,-0.216000
0245947012,-0.216000
0245947112,-0.216000
0245947212,-0.216000
0245947312,-0.216000
0245947412,-0.216000
0245947512,-0.216000
0245947612,-0.216000
0245947712,-0.216000
0245947812,-0.216000
0245947912,-0.216000
0245948012,-0.216000
0245948112,-0.216000
0245948212,-0.216000
0245948312,-0.216000
0245948412,-0.216000
0245948512,-0.216000
0245948612,-0.216000
0245948712,-0.216000
0245948812,-0.216000
0245948912,-0.216000
0245949012,-0.216000
0245949112,-0.216000
0245949212,-0.216000
0245949312,-0.216000
0245949412,-0.216000
0245949512,-0.216000
0245949612,-0.216000
0245949712,-0.216000
0245949812,-0.216000
0245949912,-0.216000
0245950012,-0.216000
0245950112,-0.216000
0245950212,-0.216000
0245950312,-0.216000
0245950412,-0.216000
0245950512,-0.216000
0245950612,-0.216000
0245950712,-0.216000
0245950812,-0.216000
0245950912,-0.216000
0245951012,-0.216000
0245951112,-0.216000
0245951212,-0.216000
0245951312,-0.216000
0245951412,-0.216000
0245951512,-0.216000
0245951612,-0.216000
0245951712,-0.216000
0245951812,-0.216000
0245951912,-0.216000
0245952012,-0.216000
0245952112,-0.216000
0245952212,-0.216000
0245952312,-0.216000
0245952412,-0.216000
0245952512,-0.216000
0245952612,-0.216000
0245952712,-0.216000
0245952812,-0.216000
0245952912,-0.216000
0245953012,-0.216000
0245953112,-0.216000
0245953212,-0.216000
0245953312,-0.216000
0245953412,-0.216000
0245953512,-0.216000
0245953612,-0.216000
0245953712,-0.216000
0245953812,-0.216000
0245953912,-0.216000
0245954012,-0.216000
0245954112,-0.216000
0245954212,-0.216000
0245954312,-0.216000
0245954412,-0.216000
0245954512,-0.216000
0245954612,-0.216000
0245954712,-0.216000
0245954812,-0.216000
0245954912,-0.216000
0245955012,-0.216000
0245955112,-0.216000
0245955212,-0.216000
0245955312,-0.216000
0245955412,-0.216000
0245955512,-0.216000
0245955612,-0.216000
0245955712,-0.216000
0245955812,-0.216000
0245955912,-0.216000
0245956012,-0.216000
0245956112,-0.216000
0245956212,-0.216000
0245956312,-0.216000
0245956412,-0.216000
0245956512,-0.216000
0245956612,-0.216000
0245956712,-0.216000
0245956812,-0.216000
0245956912,-0.216000
0245957012,-0.216000
0245957112,-0.216000
0245957212,-0.216000
0245957312,-0.216000
0245957412,-0.216000
0245957512,-0.216000
0245957612,-0.216000
0245957712,-0.216000
0245957812,-0.216000
0245957912,-0.216000
0245958012,-0.216000
0245958112,-0.216000
0245958212,-0.216000
0245958312,-0.216000
0245958412,-0.216000
0245958512,-0.216000
0245958612,-0.216000
0245958712,-0.216000
0245958812,-0.216000
0245958912,-0.216000
0245959012,-0.216000
0245959112,-0.216000
0245959212,-0.216000
0245959312,-0.216000
0245959412,-0.216000
0245959512,-0.216000
0245959612,-0.216000
0245959712,-0.216000
0245959812,-0.216000
0245959912,-0.216000
0245960012,-0.216000
0245960112,-0.216000
0245960212,-0.216000
0245960312,-0.216000
0245960412,-0.216000
0245960512,-0.216000
0245960612,-0.216000
0245960712,-0.216000
0245960812,-0.216000
0245960912,-0.216000
0245961012,-0.216000
0245961112,-0.216000
0245961212,-0.216000
0245961312,-0.216000
0245961412,-0.216000
0245961512,-0.216000
0245961612,-0.216000
0245961712,-0.216000
0245961812,-0.216000
0245961912,-0.216000
0245962012,-0.216000
0245962112,-0.216000
0245962212,-0.216000
0245962312,-0.216000
0245962412,-0.216000
0245962512,-0.216000
0245962612,-0.216000
0245962712,-0.216000
0245962812,-0.216000
0245962912,-0.216000
0245963012,-0.216000
0245963112,-0.216000
0245963212,-0.216000
0245963312,-0.216000
0245963412,-0.216000
0245963512,-0.216000
0245963612,-0.216000
0245963712,-0.216000
0245963812,-0.216000
0245963912,-0.216000
0245964012,-0.216000
0245964112,-0.216000
0245964212,-0.216000
0245964312,-0.216000
0245964412,-0.216000
0245964512,-0.216000
0245964612,-0.216000
0245964712,-0.216000
0245964812,-0.216000
0245964912,-0.216000
0245965012,-0.216000
0245965112,-0.216000
0245965212,-0.216000
0245965312,-0.216000
0245965412,-0.216000
0245965512,-0.216000
0245965612,-0.216000
0245965712,-0.216000
0245965812,-0.216000
0245965912,-0.216000
0245966012,-0.216000
0245966112,-0.216000
0245966212,-0.216000
0245966312,-0.216000
0245966412,-0.216000
0245966512,-0.216000
0245966612,-0.216000
0245966712,-0.216000
0245966812,-0.216000
0245966912,-0.216000
0245967012,-0.216000
0245967112,-0.216000
0245967212,-0.216000
0245967312,-0.216000
0245967412,-0.216000
0245967512,-0.216000
0245967612,-0.216000
0245967712,-0.216000
0245967812,-0.216000
0245967912,-0.216000
0245968012,-0.216000
0245968112,-0.216000
0245968212,-0.216000
0245968312,-0.216000
0245968412,-0.216000
0245968512,-0.216000
0245968612,-0.216000
0245968712,-0.216000
0245968812,-0.216000
0245968912,-0.216000
0245969012,-0.216000
0245969112,-0.216000
0245969212,-0.216000
0245969312,-0.216000
0245969412,-0.216000
0245969512,-0.216000
0245969612,-0.216000
0245969712,-0.216000
0245969812,-0.216000
0245969912,-0.216000
0245970012,-0.216000
0245970112,-0.216000
0245970212,-0.216000
0245970312,-0.216000
0245970412,-0.216000
0245970512,-0.216000
0245970612,-0.216000
0245970712,-0.216000
0245970812,-0.216000
0245970912,-0.216000
0245971012,-0.216000
0245971112,-0.216000
0245971212,-0.216000
0245971312,-0.216000
0245971412,-0.216000
0245971512,-0.216000
0245971612,-0.216000
0245971712,-0.216000
0245971812,-0.216000
0245971912,-0.216000
0245972012,-0.216000
0245972112,-0.216000
0245972212,-0.216000
0245972312,-0.216000
0245972412,-0.216000
0245972512,-0.216000
0245972612,-0.216000
0245972712,-0.216000
0245972812,-0.216000
0245972912,-0.216000
0245973012,-0.216000
0245973112,-0.216000
0245973212,-0.216000
0245973312,-0.216000

Stopped on user request
