use external trigger (y/n)? do reference run (y/n)? 
EIB firmware version: 63328110

using internal timer trigger
Start Reference Run Now


press Ctrl-C to stop

0262305412,207.162003
0262305512,207.054001
0262305612,206.945999
0262305712,206.837997
0262305812,206.729996
0262305912,206.639999
0262306012,206.531998
0262306112,206.423996
0262306212,206.315994
0262306312,206.207993
0262306412,206.100006
0262306512,205.992004
0262306612,205.884003
0262306712,205.776001
0262306812,205.686005
0262306912,205.578003
0262307012,205.470001
0262307112,205.362000
0262307212,205.253998
0262307312,205.145996
0262307412,205.056000
0262307512,204.947998
0262307612,204.839996
0262307712,204.731995
0262307812,204.623993
0262307912,204.533997
0262308012,204.425995
0262308112,204.317993
0262308212,204.210007
0262308312,204.102005
0262308412,203.994003
0262308512,203.886002
0262308612,203.796005
0262308712,203.688004
0262308812,203.580002
0262308912,203.472000
0262309012,203.363998
0262309112,203.255997
0262309212,203.147995
0262309312,203.039993
0262309412,202.949997
0262309512,202.841995
0262309612,202.733994
0262309712,202.626007
0262309812,202.518005
0262309912,202.410004
0262310012,202.302002
0262310112,202.194000
0262310212,202.104004
0262310312,201.996002
0262310412,201.888000
0262310512,201.779999
0262310612,201.671997
0262310712,201.563995
0262310812,201.473999
0262310912,201.365997
0262311012,201.257996
0262311112,201.149994
0262311212,201.042007
0262311312,200.934006
0262311412,200.843994
0262311512,200.735992
0262311612,200.628006
0262311712,200.520004
0262311812,200.412003
0262311912,200.304001
0262312012,200.195999
0262312112,200.106003
0262312212,199.998001
0262312312,199.889999
0262312412,199.781998
0262312512,199.673996
0262312612,199.565994
0262312712,199.475998
0262312812,199.404007
0262312912,199.350006
0262313012,199.332001
0262313112,199.313995
0262313212,199.313995
0262313312,199.313995
0262313412,199.313995
0262313512,199.332001
0262313612,199.386002
0262313712,199.457993
0262313812,199.565994
0262313912,199.656006
0262314012,199.764008
0262314112,199.871994
0262314212,199.962006
0262314312,200.070007
0262314412,200.177994
0262314512,200.285995
0262314612,200.393997
0262314712,200.501999
0262314812,200.591995
0262314912,200.699997
0262315012,200.807999
0262315112,200.916000
0262315212,201.024002
0262315312,201.132004
0262315412,201.222000
0262315512,201.330002
0262315612,201.438004
0262315712,201.546005
0262315812,201.654007
0262315912,201.761993
0262316012,201.869995
0262316112,201.960007
0262316212,202.067993
0262316312,202.175995
0262316412,202.283997
0262316512,202.391998
0262316612,202.500000
0262316712,202.589996
0262316812,202.697998
0262316912,202.806000
0262317012,202.914001
0262317112,203.022003
0262317212,203.130005
0262317312,203.238007
0262317412,203.345993
0262317512,203.436005
0262317612,203.544006
0262317712,203.651993
0262317812,203.759995
0262317912,203.867996
0262318012,203.975998
0262318112,204.084000
0262318212,204.192001
0262318312,204.281998
0262318412,204.389999
0262318512,204.498001
0262318612,204.606003
0262318712,204.714005
0262318812,204.822006
0262318912,204.912003
0262319012,205.020004
0262319112,205.128006
0262319212,205.235992
0262319312,205.343994
0262319412,205.451996
0262319512,205.559998
0262319612,205.649994
0262319712,205.757996
0262319812,205.865997
0262319912,205.973999
0262320012,206.082001
0262320112,206.190002
0262320212,206.279999
0262320312,206.388000
0262320412,206.496002
0262320512,206.604004
0262320612,206.712006
0262320712,206.820007
0262320812,206.927994
0262320912,207.035995
0262321012,207.143997
0262321112,207.233994
0262321212,207.341995
0262321312,207.449997
0262321412,207.557999
0262321512,207.666000
0262321612,207.774002
0262321712,207.882004
0262321812,207.972000
0262321912,208.080002
0262322012,208.188004
0262322112,208.296005
0262322212,208.404007
0262322312,208.511993
0262322412,208.619995
0262322512,208.710007
0262322612,208.817993
0262322712,208.925995
0262322812,209.033997
0262322912,209.141998
0262323012,209.250000
0262323112,209.339996
0262323212,209.429993
0262323312,209.483994
0262323412,209.520004
0262323512,209.537994
0262323612,209.537994
0262323712,209.537994
0262323812,209.537994
0262323912,209.537994
0262324012,209.537994
0262324112,209.537994
0262324212,209.537994
0262324312,209.537994
0262324412,209.537994
0262324512,209.537994
0262324612,209.537994
0262324712,209.537994
0262324812,209.537994
0262324912,209.537994
0262325012,209.537994
0262325112,209.537994
0262325212,209.537994
0262325312,209.537994
0262325412,209.537994
0262325512,209.537994
0262325612,209.537994
0262325712,209.537994
0262325812,209.537994
0262325912,209.537994
0262326012,209.537994
0262326112,209.537994
0262326212,209.537994
0262326312,209.537994
0262326412,209.537994
0262326512,209.537994
0262326612,209.556000
0262326712,209.574005
0262326812,209.628006
0262326912,209.699997
0262327012,209.789993
0262327112,209.897995
0262327212,210.005997
0262327312,210.113998
0262327412,210.222000
0262327512,210.330002
0262327612,210.438004
0262327712,210.546005
0262327812,210.636002
0262327912,210.744003
0262328012,210.852005
0262328112,210.960007
0262328212,211.067993
0262328312,211.175995
0262328412,211.283997
0262328512,211.391998
0262328612,211.481995
0262328712,211.589996
0262328812,211.697998
0262328912,211.806000
0262329012,211.914001
0262329112,212.022003
0262329212,212.112000
0262329312,212.220001
0262329412,212.328003
0262329512,212.436005
0262329612,212.544006
0262329712,212.651993
0262329812,212.759995
0262329912,212.850006
0262330012,212.957993
0262330112,213.065994
0262330212,213.173996
0262330312,213.281998
0262330412,213.389999
0262330512,213.479996
0262330612,213.587997
0262330712,213.695999
0262330812,213.804001
0262330912,213.912003
0262331012,214.020004
0262331112,214.128006
0262331212,214.235992
0262331312,214.343994
0262331412,214.434006
0262331512,214.542007
0262331612,214.649994
0262331712,214.757996
0262331812,214.865997
0262331912,214.973999
0262332012,215.082001
0262332112,215.171997
0262332212,215.279999
0262332312,215.388000
0262332412,215.496002
0262332512,215.604004
0262332612,215.712006
0262332712,215.802002
0262332812,215.910004
0262332912,216.018005
0262333012,216.126007
0262333112,216.233994
0262333212,216.341995
0262333312,216.449997
0262333412,216.539993
0262333512,216.647995
0262333612,216.755997
0262333712,216.863998
0262333812,216.972000
0262333912,217.080002
0262334012,217.169998
0262334112,217.278000
0262334212,217.386002
0262334312,217.494003
0262334412,217.602005
0262334512,217.710007
0262334612,217.817993
0262334712,217.925995
0262334812,218.033997
0262334912,218.123993
0262335012,218.231995
0262335112,218.339996
0262335212,218.447998
0262335312,218.556000
0262335412,218.664001
0262335512,218.772003
0262335612,218.862000
0262335712,218.970001
0262335812,219.078003
0262335912,219.186005
0262336012,219.294006
0262336112,219.401993
0262336212,219.492004
0262336312,219.600006
0262336412,219.707993
0262336512,219.815994
0262336612,219.923996
0262336712,220.031998
0262336812,220.139999
0262336912,220.229996
0262337012,220.337997
0262337112,220.445999
0262337212,220.554001
0262337312,220.662003
0262337412,220.770004
0262337512,220.878006
0262337612,220.968002
0262337712,221.076004
0262337812,221.184006
0262337912,221.292007
0262338012,221.399994
0262338112,221.507996
0262338212,221.598007
0262338312,221.651993
0262338412,221.705994
0262338512,221.723999
0262338612,221.723999
0262338712,221.723999
0262338812,221.723999
0262338912,221.723999
0262339012,221.723999
0262339112,221.723999
0262339212,221.723999
0262339312,221.723999
0262339412,221.723999
0262339512,221.723999
0262339612,221.723999
0262339712,221.723999
0262339812,221.723999
0262339912,221.723999
0262340012,221.723999
0262340112,221.723999
0262340212,221.723999
0262340312,221.723999
0262340412,221.723999
0262340512,221.723999
0262340612,221.723999
0262340712,221.723999
0262340812,221.723999
0262340912,221.723999
0262341012,221.723999
0262341112,221.723999
0262341212,221.723999
0262341312,221.723999
0262341412,221.723999
0262341512,221.723999
0262341612,221.723999
0262341712,221.723999
0262341812,221.705994
0262341912,221.705994
0262342012,221.705994
0262342112,221.705994
0262342212,221.705994
0262342312,221.705994
0262342412,221.688004
0262342512,221.688004
0262342612,221.688004
0262342712,221.688004
0262342812,221.688004
0262342912,221.669998
0262343012,221.669998
0262343112,221.669998
0262343212,221.669998
0262343312,221.651993
0262343412,221.651993
0262343512,221.651993
0262343612,221.634003
0262343712,221.634003
0262343812,221.634003
0262343912,221.615997
0262344012,221.615997
0262344112,221.615997
0262344212,221.598007
0262344312,221.598007
0262344412,221.598007
0262344512,221.580002
0262344612,221.580002
0262344712,221.561996
0262344812,221.561996
0262344912,221.561996
0262345012,221.544006
0262345112,221.544006
0262345212,221.544006
0262345312,221.526001
0262345412,221.526001
0262345512,221.507996
0262345612,221.507996
0262345712,221.507996
0262345812,221.490005
0262345912,221.490005
0262346012,221.490005
0262346112,221.472000
0262346212,221.472000
0262346312,221.453995
0262346412,221.453995
0262346512,221.453995
0262346612,221.436005
0262346712,221.436005
0262346812,221.417999
0262346912,221.417999
0262347012,221.417999
0262347112,221.399994
0262347212,221.399994
0262347312,221.399994
0262347412,221.382004
0262347512,221.382004
0262347612,221.363998
0262347712,221.363998
0262347812,221.363998
0262347912,221.345993
0262348012,221.345993
0262348112,221.345993
0262348212,221.328003
0262348312,221.328003
0262348412,221.309998
0262348512,221.309998
0262348612,221.309998
0262348712,221.292007
0262348812,221.292007
0262348912,221.292007
0262349012,221.274002
0262349112,221.274002
0262349212,221.255997
0262349312,221.255997
0262349412,221.255997
0262349512,221.238007
0262349612,221.238007
0262349712,221.220001
0262349812,221.220001
0262349912,221.220001
0262350012,221.201996
0262350112,221.201996
0262350212,221.201996
0262350312,221.184006
0262350412,221.184006
0262350512,221.166000
0262350612,221.166000
0262350712,221.166000
0262350812,221.147995
0262350912,221.147995
0262351012,221.147995
0262351112,221.130005
0262351212,221.130005
0262351312,221.112000
0262351412,221.112000
0262351512,221.112000
0262351612,221.093994
0262351712,221.093994
0262351812,221.076004
0262351912,221.076004
0262352012,221.076004
0262352112,221.057999
0262352212,221.057999
0262352312,221.039993
0262352412,221.039993
0262352512,221.039993
0262352612,221.022003
0262352712,221.022003
0262352812,221.022003
0262352912,221.003998
0262353012,221.003998
0262353112,220.985992
0262353212,220.985992
0262353312,220.985992
0262353412,220.968002
0262353512,220.968002
0262353612,220.949997
0262353712,220.949997
0262353812,220.949997
0262353912,220.932007
0262354012,220.932007
0262354112,220.914001
0262354212,220.914001
0262354312,220.914001
0262354412,220.895996
0262354512,220.895996
0262354612,220.895996
0262354712,220.878006
0262354812,220.878006
0262354912,220.860001
0262355012,220.860001
0262355112,220.860001
0262355212,220.841995
0262355312,220.841995
0262355412,220.824005
0262355512,220.824005
0262355612,220.824005
0262355712,220.806000
0262355812,220.806000
0262355912,220.787994
0262356012,220.787994
0262356112,220.787994
0262356212,220.770004
0262356312,220.770004
0262356412,220.751999
0262356512,220.751999
0262356612,220.751999
0262356712,220.733994
0262356812,220.733994
0262356912,220.733994
0262357012,220.716003
0262357112,220.716003
0262357212,220.697998
0262357312,220.697998
0262357412,220.697998
0262357512,220.679993
0262357612,220.679993
0262357712,220.662003
0262357812,220.662003
0262357912,220.662003
0262358012,220.643997
0262358112,220.643997
0262358212,220.626007
0262358312,220.626007
0262358412,220.626007
0262358512,220.608002
0262358612,220.608002
0262358712,220.608002
0262358812,220.589996
0262358912,220.589996
0262359012,220.572006
0262359112,220.572006
0262359212,220.572006
0262359312,220.554001
0262359412,220.554001
0262359512,220.535995
0262359612,220.535995
0262359712,220.535995
0262359812,220.518005
0262359912,220.518005
0262360012,220.500000
0262360112,220.500000
0262360212,220.500000
0262360312,220.481995
0262360412,220.481995
0262360512,220.464005
0262360612,220.464005
0262360712,220.464005
0262360812,220.445999
0262360912,220.445999
0262361012,220.427994
0262361112,220.427994
0262361212,220.427994
0262361312,220.410004
0262361412,220.410004
0262361512,220.391998
0262361612,220.391998
0262361712,220.391998
0262361812,220.373993
0262361912,220.373993
0262362012,220.373993
0262362112,220.356003
0262362212,220.356003
0262362312,220.356003
0262362412,220.356003
0262362512,220.356003
0262362612,220.356003
0262362712,220.356003
0262362812,220.356003
0262362912,220.356003
0262363012,220.356003
0262363112,220.356003
0262363212,220.356003
0262363312,220.356003
0262363412,220.356003
0262363512,220.356003
0262363612,220.356003
0262363712,220.356003
0262363812,220.356003
0262363912,220.356003
0262364012,220.356003
0262364112,220.356003
0262364212,220.356003
0262364312,220.356003
0262364412,220.356003
0262364512,220.356003
0262364612,220.356003
0262364712,220.356003
0262364812,220.356003
0262364912,220.356003
0262365012,220.356003
0262365112,220.356003
0262365212,220.356003
0262365312,220.356003
0262365412,220.356003
0262365512,220.356003
0262365612,220.356003
0262365712,220.356003
0262365812,220.356003
0262365912,220.356003
0262366012,220.356003
0262366112,220.356003
0262366212,220.356003
0262366312,220.356003
0262366412,220.356003
0262366512,220.356003
0262366612,220.337997
0262366712,220.283997
0262366812,220.212006
0262366912,220.121994
0262367012,220.014008
0262367112,219.906006
0262367212,219.798004
0262367312,219.707993
0262367412,219.600006
0262367512,219.492004
0262367612,219.384003
0262367712,219.276001
0262367812,219.167999
0262367912,219.078003
0262368012,218.970001
0262368112,218.862000
0262368212,218.753998
0262368312,218.645996
0262368412,218.537994
0262368512,218.447998
0262368612,218.339996
0262368712,218.231995
0262368812,218.123993
0262368912,218.016006
0262369012,217.908005
0262369112,217.800003
0262369212,217.710007
0262369312,217.602005
0262369412,217.494003
0262369512,217.386002
0262369612,217.278000
0262369712,217.169998
0262369812,217.061996
0262369912,216.972000
0262370012,216.863998
0262370112,216.755997
0262370212,216.647995
0262370312,216.539993
0262370412,216.432007
0262370512,216.324005
0262370612,216.216003
0262370712,216.126007
0262370812,216.018005
0262370912,215.910004
0262371012,215.802002
0262371112,215.694000
0262371212,215.585999
0262371312,215.496002
0262371412,215.388000
0262371512,215.279999
0262371612,215.171997
0262371712,215.063995
0262371812,214.955994
0262371912,214.865997
0262372012,214.757996
0262372112,214.649994
0262372212,214.542007
0262372312,214.434006
0262372412,214.326004
0262372512,214.218002
0262372612,214.128006
0262372712,214.020004
0262372812,213.912003
0262372912,213.804001
0262373012,213.695999
0262373112,213.587997
0262373212,213.479996
0262373312,213.371994
0262373412,213.281998
0262373512,213.173996
0262373612,213.065994
0262373712,212.957993
0262373812,212.850006
0262373912,212.742004
0262374012,212.634003
0262374112,212.544006
0262374212,212.436005
0262374312,212.328003
0262374412,212.220001
0262374512,212.112000
0262374612,212.003998
0262374712,211.914001
0262374812,211.806000
0262374912,211.697998
0262375012,211.589996
0262375112,211.481995
0262375212,211.373993
0262375312,211.283997
0262375412,211.175995
0262375512,211.067993
0262375612,210.960007
0262375712,210.852005
0262375812,210.744003
0262375912,210.636002
0262376012,210.528000
0262376112,210.438004
0262376212,210.330002
0262376312,210.222000
0262376412,210.113998
0262376512,210.005997
0262376612,209.897995
0262376712,209.789993
0262376812,209.699997
0262376912,209.591995
0262377012,209.483994
0262377112,209.376007
0262377212,209.268005
0262377312,209.160004
0262377412,209.052002
0262377512,208.962006
0262377612,208.854004
0262377712,208.746002
0262377812,208.638000
0262377912,208.529999
0262378012,208.421997
0262378112,208.332001
0262378212,208.223999
0262378312,208.115997
0262378412,208.007996
0262378512,207.899994
0262378612,207.792007
0262378712,207.684006
0262378812,207.593994
0262378912,207.485992
0262379012,207.378006
0262379112,207.270004
0262379212,207.162003
0262379312,207.054001
0262379412,206.964005
0262379512,206.856003
0262379612,206.748001
0262379712,206.639999
0262379812,206.531998
0262379912,206.460007
0262380012,206.406006
0262380112,206.369995
0262380212,206.352005
0262380312,206.352005
0262380412,206.352005
0262380512,206.352005
0262380612,206.352005
0262380712,206.388000
0262380812,206.460007
0262380912,206.550003
0262381012,206.639999
0262381112,206.748001
0262381212,206.856003
0262381312,206.945999
0262381412,207.054001
0262381512,207.162003
0262381612,207.270004
0262381712,207.378006
0262381812,207.468002
0262381912,207.576004
0262382012,207.684006
0262382112,207.792007
0262382212,207.899994
0262382312,208.007996
0262382412,208.115997
0262382512,208.205994
0262382612,208.313995
0262382712,208.421997
0262382812,208.529999
0262382912,208.638000
0262383012,208.746002
0262383112,208.854004
0262383212,208.944000
0262383312,209.052002
0262383412,209.160004
0262383512,209.268005
0262383612,209.376007
0262383712,209.483994
0262383812,209.591995
0262383912,209.682007
0262384012,209.789993
0262384112,209.897995
0262384212,210.005997
0262384312,210.113998
0262384412,210.222000
0262384512,210.330002
0262384612,210.419998
0262384712,210.528000
0262384812,210.636002
0262384912,210.744003
0262385012,210.852005
0262385112,210.960007
0262385212,211.067993
0262385312,211.158005
0262385412,211.266006
0262385512,211.373993
0262385612,211.481995
0262385712,211.589996
0262385812,211.697998
0262385912,211.806000
0262386012,211.895996
0262386112,212.003998
0262386212,212.112000
0262386312,212.220001
0262386412,212.328003
0262386512,212.436005
0262386612,212.544006
0262386712,212.634003
0262386812,212.742004
0262386912,212.850006
0262387012,212.921997
0262387112,212.994003
0262387212,213.029999
0262387312,213.048004
0262387412,213.048004
0262387512,213.048004
0262387612,213.048004
0262387712,213.048004
0262387812,213.011993
0262387912,212.957993
0262388012,212.867996
0262388112,212.759995
0262388212,212.669998
0262388312,212.561996
0262388412,212.453995
0262388512,212.345993
0262388612,212.238007
0262388712,212.130005
0262388812,212.039993
0262388912,211.932007
0262389012,211.824005
0262389112,211.716003
0262389212,211.608002
0262389312,211.500000
0262389412,211.391998
0262389512,211.302002
0262389612,211.194000
0262389712,211.085999
0262389812,210.977997
0262389912,210.869995
0262390012,210.761993
0262390112,210.654007
0262390212,210.563995
0262390312,210.455994
0262390412,210.348007
0262390512,210.240005
0262390612,210.132004
0262390712,210.024002
0262390812,209.916000
0262390912,209.826004
0262391012,209.718002
0262391112,209.610001
0262391212,209.501999
0262391312,209.393997
0262391412,209.285995
0262391512,209.177994
0262391612,209.070007
0262391712,208.979996
0262391812,208.871994
0262391912,208.764008
0262392012,208.656006
0262392112,208.548004
0262392212,208.440002
0262392312,208.350006
0262392412,208.242004
0262392512,208.134003
0262392612,208.026001
0262392712,207.917999
0262392812,207.809998
0262392912,207.720001
0262393012,207.612000
0262393112,207.503998
0262393212,207.395996
0262393312,207.287994
0262393412,207.179993
0262393512,207.072006
0262393612,206.981995
0262393712,206.873993
0262393812,206.766006
0262393912,206.658005
0262394012,206.550003
0262394112,206.442001
0262394212,206.334000
0262394312,206.225998
0262394412,206.136002
0262394512,206.028000
0262394612,205.919998
0262394712,205.811996
0262394812,205.703995
0262394912,205.595993
0262395012,205.488007
0262395112,205.397995
0262395212,205.289993
0262395312,205.182007
0262395412,205.074005
0262395512,204.966003
0262395612,204.858002
0262395712,204.768005
0262395812,204.660004
0262395912,204.552002
0262396012,204.444000
0262396112,204.335999
0262396212,204.246002
0262396312,204.138000
0262396412,204.029999
0262396512,203.921997
0262396612,203.813995
0262396712,203.705994
0262396812,203.598007
0262396912,203.490005
0262397012,203.399994
0262397112,203.292007
0262397212,203.184006
0262397312,203.076004
0262397412,202.968002
0262397512,202.860001
0262397612,202.751999
0262397712,202.643997
0262397812,202.554001
0262397912,202.445999
0262398012,202.337997
0262398112,202.229996
0262398212,202.121994
0262398312,202.014008
0262398412,201.906006
0262398512,201.798004
0262398612,201.707993
0262398712,201.600006
0262398812,201.492004
0262398912,201.384003
0262399012,201.276001
0262399112,201.186005
0262399212,201.078003
0262399312,200.970001
0262399412,200.862000
0262399512,200.753998
0262399612,200.645996
0262399712,200.556000
0262399812,200.447998
0262399912,200.339996
0262400012,200.231995
0262400112,200.123993
0262400212,200.016006
0262400312,199.908005
0262400412,199.817993
0262400512,199.710007
0262400612,199.602005
0262400712,199.494003
0262400812,199.421997
0262400912,199.367996
0262401012,199.332001
0262401112,199.313995
0262401212,199.313995
0262401312,199.313995
0262401412,199.313995
0262401512,199.313995
0262401612,199.313995
0262401712,199.313995
0262401812,199.313995
0262401912,199.313995
0262402012,199.313995
0262402112,199.313995
0262402212,199.296005
0262402312,199.259995
0262402412,199.188004
0262402512,199.098007
0262402612,199.007996
0262402712,198.899994
0262402812,198.792007
0262402912,198.684006
0262403012,198.576004
0262403112,198.468002
0262403212,198.360001
0262403312,198.270004
0262403412,198.162003
0262403512,198.054001
0262403612,197.945999
0262403712,197.837997
0262403812,197.729996
0262403912,197.639999
0262404012,197.531998
0262404112,197.423996
0262404212,197.315994
0262404312,197.207993
0262404412,197.100006
0262404512,197.009995
0262404612,196.901993
0262404712,196.794006
0262404812,196.686005
0262404912,196.578003
0262405012,196.470001
0262405112,196.362000
0262405212,196.253998
0262405312,196.164001
0262405412,196.056000
0262405512,195.947998
0262405612,195.839996
0262405712,195.731995
0262405812,195.623993
0262405912,195.516006
0262406012,195.425995
0262406112,195.317993
0262406212,195.210007
0262406312,195.102005
0262406412,194.994003
0262406512,194.886002
0262406612,194.778000
0262406712,194.669998
0262406812,194.580002
0262406912,194.472000
0262407012,194.363998
0262407112,194.255997
0262407212,194.147995
0262407312,194.039993
0262407412,193.949997
0262407512,193.841995
0262407612,193.733994
0262407712,193.626007
0262407812,193.518005
0262407912,193.410004
0262408012,193.320007
0262408112,193.212006
0262408212,193.104004
0262408312,192.996002
0262408412,192.888000
0262408512,192.779999
0262408612,192.671997
0262408712,192.582001
0262408812,192.473999
0262408912,192.365997
0262409012,192.257996
0262409112,192.149994
0262409212,192.042007
0262409312,191.934006
0262409412,191.826004
0262409512,191.735992
0262409612,191.628006
0262409712,191.520004
0262409812,191.412003
0262409912,191.304001
0262410012,191.195999
0262410112,191.087997
0262410212,190.998001
0262410312,190.889999
0262410412,190.781998
0262410512,190.673996
0262410612,190.565994
0262410712,190.457993
0262410812,190.367996
0262410912,190.259995
0262411012,190.151993
0262411112,190.044006
0262411212,189.936005
0262411312,189.828003
0262411412,189.720001
0262411512,189.630005
0262411612,189.522003
0262411712,189.414001
0262411812,189.306000
0262411912,189.197998
0262412012,189.089996
0262412112,188.981995
0262412212,188.873993
0262412312,188.783997
0262412412,188.675995
0262412512,188.567993
0262412612,188.460007
0262412712,188.352005
0262412812,188.244003
0262412912,188.136002
0262413012,188.046005
0262413112,187.938004
0262413212,187.830002
0262413312,187.722000
0262413412,187.613998
0262413512,187.505997
0262413612,187.397995
0262413712,187.307999
0262413812,187.199997
0262413912,187.091995
0262414012,186.983994
0262414112,186.876007
0262414212,186.768005
0262414312,186.660004
0262414412,186.570007
0262414512,186.462006
0262414612,186.354004
0262414712,186.246002
0262414812,186.138000
0262414912,186.029999
0262415012,185.940002
0262415112,185.832001
0262415212,185.723999
0262415312,185.615997
0262415412,185.507996
0262415512,185.417999
0262415612,185.345993
0262415712,185.292007
0262415812,185.274002
0262415912,185.255997
0262416012,185.255997
0262416112,185.255997
0262416212,185.255997
0262416312,185.255997
0262416412,185.255997
0262416512,185.255997
0262416612,185.255997
0262416712,185.255997
0262416812,185.255997
0262416912,185.255997
0262417012,185.220001
0262417112,185.184006
0262417212,185.112000
0262417312,185.022003
0262417412,184.914001
0262417512,184.806000
0262417612,184.697998
0262417712,184.589996
0262417812,184.481995
0262417912,184.391998
0262418012,184.283997
0262418112,184.175995
0262418212,184.067993
0262418312,183.960007
0262418412,183.852005
0262418512,183.744003
0262418612,183.654007
0262418712,183.546005
0262418812,183.438004
0262418912,183.330002
0262419012,183.222000
0262419112,183.113998
0262419212,183.024002
0262419312,182.916000
0262419412,182.807999
0262419512,182.699997
0262419612,182.591995
0262419712,182.483994
0262419812,182.376007
0262419912,182.285995
0262420012,182.177994
0262420112,182.070007
0262420212,181.962006
0262420312,181.854004
0262420412,181.746002
0262420512,181.638000
0262420612,181.548004
0262420712,181.440002
0262420812,181.332001
0262420912,181.223999
0262421012,181.115997
0262421112,181.007996
0262421212,180.899994
0262421312,180.792007
0262421412,180.701996
0262421512,180.593994
0262421612,180.485992
0262421712,180.378006
0262421812,180.270004
0262421912,180.162003
0262422012,180.054001
0262422112,179.964005
0262422212,179.856003
0262422312,179.748001
0262422412,179.639999
0262422512,179.531998
0262422612,179.423996
0262422712,179.334000
0262422812,179.225998
0262422912,179.117996
0262423012,179.009995
0262423112,178.901993
0262423212,178.794006
0262423312,178.686005
0262423412,178.578003
0262423512,178.488007
0262423612,178.380005
0262423712,178.272003
0262423812,178.164001
0262423912,178.056000
0262424012,177.947998
0262424112,177.839996
0262424212,177.750000
0262424312,177.641998
0262424412,177.533997
0262424512,177.425995
0262424612,177.317993
0262424712,177.210007
0262424812,177.102005
0262424912,176.994003
0262425012,176.904007
0262425112,176.796005
0262425212,176.688004
0262425312,176.580002
0262425412,176.472000
0262425512,176.363998
0262425612,176.274002
0262425712,176.166000
0262425812,176.057999
0262425912,175.949997
0262426012,175.841995
0262426112,175.733994
0262426212,175.626007
0262426312,175.535995
0262426412,175.427994
0262426512,175.320007
0262426612,175.212006
0262426712,175.104004
0262426812,174.996002
0262426912,174.888000
0262427012,174.798004
0262427112,174.690002
0262427212,174.582001
0262427312,174.473999
0262427412,174.365997
0262427512,174.257996
0262427612,174.149994
0262427712,174.042007
0262427812,173.951996
0262427912,173.843994
0262428012,173.735992
0262428112,173.628006
0262428212,173.520004
0262428312,173.412003
0262428412,173.304001
0262428512,173.214005
0262428612,173.106003
0262428712,172.998001
0262428812,172.889999
0262428912,172.781998
0262429012,172.673996
0262429112,172.565994
0262429212,172.475998
0262429312,172.367996
0262429412,172.259995
0262429512,172.151993
0262429612,172.044006
0262429712,171.936005
0262429812,171.845993
0262429912,171.738007
0262430012,171.630005
0262430112,171.522003
0262430212,171.414001
0262430312,171.341995
0262430412,171.270004
0262430512,171.233994
0262430612,171.216003
0262430712,171.197998
0262430812,171.197998
0262430912,171.197998
0262431012,171.197998
0262431112,171.197998
0262431212,171.197998
0262431312,171.197998
0262431412,171.197998
0262431512,171.197998
0262431612,171.197998
0262431712,171.197998
0262431812,171.162003
0262431912,171.108002
0262432012,171.035995
0262432112,170.945999
0262432212,170.837997
0262432312,170.729996
0262432412,170.621994
0262432512,170.514008
0262432612,170.406006
0262432712,170.315994
0262432812,170.207993
0262432912,170.100006
0262433012,169.992004
0262433112,169.884003
0262433212,169.776001
0262433312,169.667999
0262433412,169.559998
0262433512,169.470001
0262433612,169.362000
0262433712,169.253998
0262433812,169.145996
0262433912,169.037994
0262434012,168.929993
0262434112,168.839996
0262434212,168.731995
0262434312,168.623993
0262434412,168.516006
0262434512,168.408005
0262434612,168.300003
0262434712,168.192001
0262434812,168.102005
0262434912,167.994003
0262435012,167.886002
0262435112,167.778000
0262435212,167.669998
0262435312,167.561996
0262435412,167.453995
0262435512,167.363998
0262435612,167.255997
0262435712,167.147995
0262435812,167.039993
0262435912,166.932007
0262436012,166.824005
0262436112,166.716003
0262436212,166.608002
0262436312,166.518005
0262436412,166.410004
0262436512,166.302002
0262436612,166.194000
0262436712,166.085999
0262436812,165.977997
0262436912,165.869995
0262437012,165.779999
0262437112,165.671997
0262437212,165.563995
0262437312,165.455994
0262437412,165.348007
0262437512,165.240005
0262437612,165.132004
0262437712,165.042007
0262437812,164.934006
0262437912,164.826004
0262438012,164.718002
0262438112,164.610001
0262438212,164.501999
0262438312,164.393997
0262438412,164.304001
0262438512,164.195999
0262438612,164.087997
0262438712,163.979996
0262438812,163.871994
0262438912,163.764008
0262439012,163.656006
0262439112,163.565994
0262439212,163.457993
0262439312,163.350006
0262439412,163.242004
0262439512,163.134003
0262439612,163.026001
0262439712,162.917999
0262439812,162.809998
0262439912,162.720001
0262440012,162.612000
0262440112,162.503998
0262440212,162.395996
0262440312,162.287994
0262440412,162.179993
0262440512,162.072006
0262440612,161.981995
0262440712,161.873993
0262440812,161.766006
0262440912,161.658005
0262441012,161.550003
0262441112,161.442001
0262441212,161.334000
0262441312,161.244003
0262441412,161.136002
0262441512,161.028000
0262441612,160.919998
0262441712,160.811996
0262441812,160.703995
0262441912,160.595993
0262442012,160.505997
0262442112,160.397995
0262442212,160.289993
0262442312,160.182007
0262442412,160.074005
0262442512,159.966003
0262442612,159.858002
0262442712,159.750000
0262442812,159.660004
0262442912,159.552002
0262443012,159.444000
0262443112,159.335999
0262443212,159.227997
0262443312,159.119995
0262443412,159.011993
0262443512,158.904007
0262443612,158.813995
0262443712,158.705994
0262443812,158.598007
0262443912,158.490005
0262444012,158.382004
0262444112,158.274002
0262444212,158.166000
0262444312,158.076004
0262444412,157.968002
0262444512,157.860001
0262444612,157.751999
0262444712,157.643997
0262444812,157.535995
0262444912,157.445999
0262445012,157.337997
0262445112,157.266006
0262445212,157.194000
0262445312,157.158005
0262445412,157.139999
0262445512,157.139999
0262445612,157.121994
0262445712,157.121994
0262445812,157.121994
0262445912,157.121994
0262446012,157.121994
0262446112,157.121994
0262446212,157.121994
0262446312,157.121994
0262446412,157.121994
0262446512,157.121994
0262446612,157.121994
0262446712,157.121994
0262446812,157.121994
0262446912,157.139999
0262447012,157.194000
0262447112,157.266006
0262447212,157.373993
0262447312,157.464005
0262447412,157.572006
0262447512,157.662003
0262447612,157.770004
0262447712,157.878006
0262447812,157.985992
0262447912,158.093994
0262448012,158.184006
0262448112,158.292007
0262448212,158.399994
0262448312,158.507996
0262448412,158.615997
0262448512,158.723999
0262448612,158.813995
0262448712,158.921997
0262448812,159.029999
0262448912,159.138000
0262449012,159.246002
0262449112,159.354004
0262449212,159.462006
0262449312,159.552002
0262449412,159.660004
0262449512,159.768005
0262449612,159.876007
0262449712,159.983994
0262449812,160.091995
0262449912,160.199997
0262450012,160.307999
0262450112,160.416000
0262450212,160.505997
0262450312,160.613998
0262450412,160.722000
0262450512,160.830002
0262450612,160.938004
0262450712,161.046005
0262450812,161.154007
0262450912,161.261993
0262451012,161.352005
0262451112,161.460007
0262451212,161.567993
0262451312,161.675995
0262451412,161.783997
0262451512,161.891998
0262451612,162.000000
0262451712,162.108002
0262451812,162.197998
0262451912,162.306000
0262452012,162.414001
0262452112,162.522003
0262452212,162.630005
0262452312,162.738007
0262452412,162.828003
0262452512,162.936005
0262452612,163.044006
0262452712,163.151993
0262452812,163.259995
0262452912,163.367996
0262453012,163.475998
0262453112,163.584000
0262453212,163.692001
0262453312,163.781998
0262453412,163.889999
0262453512,163.998001
0262453612,164.106003
0262453712,164.214005
0262453812,164.322006
0262453912,164.429993
0262454012,164.537994
0262454112,164.628006
0262454212,164.735992
0262454312,164.843994
0262454412,164.951996
0262454512,165.059998
0262454612,165.167999
0262454712,165.276001
0262454812,165.365997
0262454912,165.473999
0262455012,165.582001
0262455112,165.690002
0262455212,165.798004
0262455312,165.906006
0262455412,166.014008
0262455512,166.104004
0262455612,166.212006
0262455712,166.320007
0262455812,166.427994
0262455912,166.535995
0262456012,166.643997
0262456112,166.751999
0262456212,166.841995
0262456312,166.949997
0262456412,167.057999
0262456512,167.166000
0262456612,167.274002
0262456712,167.382004
0262456812,167.490005
0262456912,167.598007
0262457012,167.688004
0262457112,167.796005
0262457212,167.904007
0262457312,168.011993
0262457412,168.119995
0262457512,168.227997
0262457612,168.335999
0262457712,168.425995
0262457812,168.533997
0262457912,168.641998
0262458012,168.750000
0262458112,168.858002
0262458212,168.966003
0262458312,169.074005
0262458412,169.182007
0262458512,169.272003
0262458612,169.380005
0262458712,169.488007
0262458812,169.595993
0262458912,169.703995
0262459012,169.811996
0262459112,169.919998
0262459212,170.009995
0262459312,170.117996
0262459412,170.225998
0262459512,170.334000
0262459612,170.442001
0262459712,170.550003
0262459812,170.639999
0262459912,170.729996
0262460012,170.783997
0262460112,170.820007
0262460212,170.837997
0262460312,170.837997
0262460412,170.837997
0262460512,170.837997
0262460612,170.837997
0262460712,170.837997
0262460812,170.837997
0262460912,170.837997
0262461012,170.837997
0262461112,170.837997
0262461212,170.837997
0262461312,170.856003
0262461412,170.891998
0262461512,170.964005
0262461612,171.035995
0262461712,171.143997
0262461812,171.251999
0262461912,171.360001
0262462012,171.468002
0262462112,171.576004
0262462212,171.666000
0262462312,171.774002
0262462412,171.882004
0262462512,171.990005
0262462612,172.098007
0262462712,172.205994
0262462812,172.296005
0262462912,172.404007
0262463012,172.511993
0262463112,172.619995
0262463212,172.727997
0262463312,172.835999
0262463412,172.944000
0262463512,173.052002
0262463612,173.141998
0262463712,173.250000
0262463812,173.358002
0262463912,173.466003
0262464012,173.574005
0262464112,173.664001
0262464212,173.772003
0262464312,173.880005
0262464412,173.988007
0262464512,174.095993
0262464612,174.203995
0262464712,174.311996
0262464812,174.419998
0262464912,174.528000
0262465012,174.617996
0262465112,174.725998
0262465212,174.834000
0262465312,174.942001
0262465412,175.050003
0262465512,175.158005
0262465612,175.266006
0262465712,175.373993
0262465812,175.481995
0262465912,175.572006
0262466012,175.679993
0262466112,175.787994
0262466212,175.895996
0262466312,176.003998
0262466412,176.112000
0262466512,176.220001
0262466612,176.309998
0262466712,176.417999
0262466812,176.526001
0262466912,176.634003
0262467012,176.742004
0262467112,176.850006
0262467212,176.957993
0262467312,177.065994
0262467412,177.156006
0262467512,177.264008
0262467612,177.371994
0262467712,177.479996
0262467812,177.587997
0262467912,177.695999
0262468012,177.804001
0262468112,177.893997
0262468212,178.001999
0262468312,178.110001
0262468412,178.218002
0262468512,178.326004
0262468612,178.434006
0262468712,178.542007
0262468812,178.649994
0262468912,178.740005
0262469012,178.848007
0262469112,178.955994
0262469212,179.063995
0262469312,179.171997
0262469412,179.279999
0262469512,179.388000
0262469612,179.477997
0262469712,179.585999
0262469812,179.694000
0262469912,179.802002
0262470012,179.910004
0262470112,180.018005
0262470212,180.126007
0262470312,180.233994
0262470412,180.324005
0262470512,180.432007
0262470612,180.539993
0262470712,180.647995
0262470812,180.755997
0262470912,180.863998
0262471012,180.972000
0262471112,181.061996
0262471212,181.169998
0262471312,181.278000
0262471412,181.386002
0262471512,181.494003
0262471612,181.602005
0262471712,181.710007
0262471812,181.800003
0262471912,181.908005
0262472012,182.016006
0262472112,182.123993
0262472212,182.231995
0262472312,182.339996
0262472412,182.447998
0262472512,182.556000
0262472612,182.645996
0262472712,182.753998
0262472812,182.862000
0262472912,182.970001
0262473012,183.078003
0262473112,183.186005
0262473212,183.294006
0262473312,183.384003
0262473412,183.492004
0262473512,183.600006
0262473612,183.707993
0262473712,183.815994
0262473812,183.923996
0262473912,184.031998
0262474012,184.121994
0262474112,184.229996
0262474212,184.337997
0262474312,184.445999
0262474412,184.554001
0262474512,184.662003
0262474612,184.751999
0262474712,184.824005
0262474812,184.878006
0262474912,184.895996
0262475012,184.914001
0262475112,184.914001
0262475212,184.914001
0262475312,184.914001
0262475412,184.914001
0262475512,184.914001
0262475612,184.914001
0262475712,184.914001
0262475812,184.914001
0262475912,184.914001
0262476012,184.914001
0262476112,184.932007
0262476212,184.985992
0262476312,185.057999
0262476412,185.147995
0262476512,185.238007
0262476612,185.345993
0262476712,185.453995
0262476812,185.561996
0262476912,185.669998
0262477012,185.778000
0262477112,185.886002
0262477212,185.975998
0262477312,186.084000
0262477412,186.192001
0262477512,186.300003
0262477612,186.408005
0262477712,186.516006
0262477812,186.623993
0262477912,186.714005
0262478012,186.822006
0262478112,186.929993
0262478212,187.037994
0262478312,187.145996
0262478412,187.253998
0262478512,187.362000
0262478612,187.451996
0262478712,187.559998
0262478812,187.667999
0262478912,187.776001
0262479012,187.884003
0262479112,187.992004
0262479212,188.100006
0262479312,188.190002
0262479412,188.298004
0262479512,188.406006
0262479612,188.514008
0262479712,188.621994
0262479812,188.729996
0262479912,188.837997
0262480012,188.945999
0262480112,189.054001
0262480212,189.143997
0262480312,189.251999
0262480412,189.360001
0262480512,189.468002
0262480612,189.576004
0262480712,189.684006
0262480812,189.792007
0262480912,189.882004
0262481012,189.990005
0262481112,190.098007
0262481212,190.205994
0262481312,190.313995
0262481412,190.421997
0262481512,190.529999
0262481612,190.638000
0262481712,190.727997
0262481812,190.835999
0262481912,190.944000
0262482012,191.052002
0262482112,191.160004
0262482212,191.268005
0262482312,191.358002
0262482412,191.466003
0262482512,191.574005
0262482612,191.682007
0262482712,191.789993
0262482812,191.897995
0262482912,192.005997
0262483012,192.113998
0262483112,192.203995
0262483212,192.311996
0262483312,192.419998
0262483412,192.528000
0262483512,192.636002
0262483612,192.744003
0262483712,192.852005
0262483812,192.942001
0262483912,193.050003
0262484012,193.158005
0262484112,193.266006
0262484212,193.373993
0262484312,193.481995
0262484412,193.589996
0262484512,193.697998
0262484612,193.787994
0262484712,193.895996
0262484812,194.003998
0262484912,194.112000
0262485012,194.220001
0262485112,194.328003
0262485212,194.436005
0262485312,194.526001
0262485412,194.634003
0262485512,194.742004
0262485612,194.850006
0262485712,194.957993
0262485812,195.065994
0262485912,195.156006
0262486012,195.264008
0262486112,195.371994
0262486212,195.479996
0262486312,195.587997
0262486412,195.695999
0262486512,195.804001
0262486612,195.912003
0262486712,196.001999
0262486812,196.110001
0262486912,196.218002
0262487012,196.326004
0262487112,196.434006
0262487212,196.542007
0262487312,196.649994
0262487412,196.757996
0262487512,196.848007
0262487612,196.955994
0262487712,197.063995
0262487812,197.171997
0262487912,197.279999
0262488012,197.388000
0262488112,197.496002
0262488212,197.585999
0262488312,197.694000
0262488412,197.802002
0262488512,197.910004
0262488612,198.018005
0262488712,198.126007
0262488812,198.233994
0262488912,198.324005
0262489012,198.432007
0262489112,198.539993
0262489212,198.647995
0262489312,198.755997
0262489412,198.845993
0262489512,198.899994
0262489612,198.953995
0262489712,198.972000
0262489812,198.990005
0262489912,198.990005
0262490012,198.990005
0262490112,198.990005
0262490212,198.990005
0262490312,198.990005
0262490412,198.990005
0262490512,198.990005
0262490612,198.990005
0262490712,198.990005
0262490812,198.990005
0262490912,199.026001
0262491012,199.061996
0262491112,199.134003
0262491212,199.223999
0262491312,199.332001
0262491412,199.440002
0262491512,199.548004
0262491612,199.656006
0262491712,199.764008
0262491812,199.854004
0262491912,199.962006
0262492012,200.070007
0262492112,200.177994
0262492212,200.285995
0262492312,200.393997
0262492412,200.501999
0262492512,200.610001
0262492612,200.699997
0262492712,200.807999
0262492812,200.916000
0262492912,201.024002
0262493012,201.132004
0262493112,201.240005
0262493212,201.348007
0262493312,201.438004
0262493412,201.546005
0262493512,201.654007
0262493612,201.761993
0262493712,201.869995
0262493812,201.977997
0262493912,202.067993
0262494012,202.175995
0262494112,202.283997
0262494212,202.391998
0262494312,202.500000
0262494412,202.608002
0262494512,202.716003
0262494612,202.806000
0262494712,202.914001
0262494812,203.022003
0262494912,203.130005
0262495012,203.238007
0262495112,203.345993
0262495212,203.453995
0262495312,203.561996
0262495412,203.651993
0262495512,203.759995
0262495612,203.867996
0262495712,203.975998
0262495812,204.084000
0262495912,204.192001
0262496012,204.300003
0262496112,204.389999
0262496212,204.498001
0262496312,204.606003
0262496412,204.714005
0262496512,204.822006
0262496612,204.929993
0262496712,205.037994
0262496812,205.128006
0262496912,205.235992
0262497012,205.343994
0262497112,205.451996
0262497212,205.559998
0262497312,205.667999
0262497412,205.776001
0262497512,205.865997
0262497612,205.973999
0262497712,206.082001
0262497812,206.190002
0262497912,206.298004
0262498012,206.406006
0262498112,206.514008
0262498212,206.604004
0262498312,206.712006
0262498412,206.820007
0262498512,206.927994
0262498612,207.035995
0262498712,207.143997
0262498812,207.251999
0262498912,207.360001
0262499012,207.449997
0262499112,207.557999
0262499212,207.666000
0262499312,207.774002
0262499412,207.882004
0262499512,207.990005
0262499612,208.098007
0262499712,208.188004
0262499812,208.296005
0262499912,208.404007
0262500012,208.511993
0262500112,208.619995
0262500212,208.727997
0262500312,208.835999
0262500412,208.925995
0262500512,209.033997
0262500612,209.141998
0262500712,209.250000
0262500812,209.358002
0262500912,209.466003
0262501012,209.556000
0262501112,209.664001
0262501212,209.772003
0262501312,209.880005
0262501412,209.988007
0262501512,210.095993
0262501612,210.203995
0262501712,210.311996
0262501812,210.401993
0262501912,210.509995
0262502012,210.617996
0262502112,210.725998
0262502212,210.834000
0262502312,210.942001
0262502412,211.050003
0262502512,211.139999
0262502612,211.248001
0262502712,211.356003
0262502812,211.464005
0262502912,211.572006
0262503012,211.679993
0262503112,211.787994
0262503212,211.878006
0262503312,211.985992
0262503412,212.093994
0262503512,212.201996
0262503612,212.309998
0262503712,212.417999
0262503812,212.526001
0262503912,212.615997
0262504012,212.723999
0262504112,212.832001
0262504212,212.921997
0262504312,212.975998
0262504412,213.029999
0262504512,213.048004
0262504612,213.048004
0262504712,213.048004
0262504812,213.048004
0262504912,213.048004
0262505012,213.048004
0262505112,213.048004
0262505212,213.048004
0262505312,213.048004
0262505412,213.048004
0262505512,213.048004
0262505612,213.048004
0262505712,213.048004
0262505812,213.048004
0262505912,213.048004
0262506012,213.029999
0262506112,212.975998
0262506212,212.886002
0262506312,212.796005
0262506412,212.688004
0262506512,212.580002
0262506612,212.490005
0262506712,212.382004
0262506812,212.274002
0262506912,212.166000
0262507012,212.057999
0262507112,211.949997
0262507212,211.860001
0262507312,211.751999
0262507412,211.643997
0262507512,211.535995
0262507612,211.427994
0262507712,211.320007
0262507812,211.229996
0262507912,211.121994
0262508012,211.014008
0262508112,210.906006
0262508212,210.798004
0262508312,210.690002
0262508412,210.582001
0262508512,210.473999
0262508612,210.384003
0262508712,210.276001
0262508812,210.167999
0262508912,210.059998
0262509012,209.951996
0262509112,209.843994
0262509212,209.735992
0262509312,209.645996
0262509412,209.537994
0262509512,209.429993
0262509612,209.322006
0262509712,209.214005
0262509812,209.106003
0262509912,208.998001
0262510012,208.889999
0262510112,208.800003
0262510212,208.692001
0262510312,208.584000
0262510412,208.475998
0262510512,208.367996
0262510612,208.278000
0262510712,208.169998
0262510812,208.061996
0262510912,207.953995
0262511012,207.845993
0262511112,207.738007
0262511212,207.647995
0262511312,207.539993
0262511412,207.432007
0262511512,207.324005
0262511612,207.216003
0262511712,207.108002
0262511812,207.000000
0262511912,206.910004
0262512012,206.802002
0262512112,206.694000
0262512212,206.585999
0262512312,206.477997
0262512412,206.369995
0262512512,206.261993
0262512612,206.154007
0262512712,206.046005
0262512812,205.955994
0262512912,205.848007
0262513012,205.740005
0262513112,205.632004
0262513212,205.524002
0262513312,205.416000
0262513412,205.326004
0262513512,205.218002
0262513612,205.110001
0262513712,205.001999
0262513812,204.893997
0262513912,204.785995
0262514012,204.695999
0262514112,204.587997
0262514212,204.479996
0262514312,204.371994
0262514412,204.264008
0262514512,204.156006
0262514612,204.048004
0262514712,203.957993
0262514812,203.850006
0262514912,203.742004
0262515012,203.634003
0262515112,203.526001
0262515212,203.417999
0262515312,203.309998
0262515412,203.220001
0262515512,203.112000
0262515612,203.003998
0262515712,202.895996
0262515812,202.787994
0262515912,202.679993
0262516012,202.572006
0262516112,202.481995
0262516212,202.373993
0262516312,202.266006
0262516412,202.158005
0262516512,202.050003
0262516612,201.942001
0262516712,201.834000
0262516812,201.725998
0262516912,201.636002
0262517012,201.528000
0262517112,201.419998
0262517212,201.311996
0262517312,201.203995
0262517412,201.095993
0262517512,201.005997
0262517612,200.897995
0262517712,200.789993
0262517812,200.682007
0262517912,200.574005
0262518012,200.466003
0262518112,200.358002
0262518212,200.268005
0262518312,200.160004
0262518412,200.052002
0262518512,199.944000
0262518612,199.835999
0262518712,199.727997
0262518812,199.619995
0262518912,199.529999
0262519012,199.440002
0262519112,199.386002
0262519212,199.350006
0262519312,199.313995
0262519412,199.313995
0262519512,199.313995
0262519612,199.313995
0262519712,199.313995
0262519812,199.313995
0262519912,199.313995
0262520012,199.313995
0262520112,199.313995
0262520212,199.313995
0262520312,199.313995
0262520412,199.296005
0262520512,199.278000
0262520612,199.223999
0262520712,199.134003
0262520812,199.044006
0262520912,198.936005
0262521012,198.828003
0262521112,198.738007
0262521212,198.630005
0262521312,198.522003
0262521412,198.414001
0262521512,198.306000
0262521612,198.197998
0262521712,198.089996
0262521812,198.000000
0262521912,197.891998
0262522012,197.783997
0262522112,197.675995
0262522212,197.567993
0262522312,197.460007
0262522412,197.369995
0262522512,197.261993
0262522612,197.154007
0262522712,197.046005
0262522812,196.938004
0262522912,196.830002
0262523012,196.722000
0262523112,196.632004
0262523212,196.524002
0262523312,196.416000
0262523412,196.307999
0262523512,196.199997
0262523612,196.091995
0262523712,195.983994
0262523812,195.893997
0262523912,195.785995
0262524012,195.677994
0262524112,195.570007
0262524212,195.462006
0262524312,195.354004
0262524412,195.246002
0262524512,195.138000
0262524612,195.048004
0262524712,194.940002
0262524812,194.832001
0262524912,194.723999
0262525012,194.615997
0262525112,194.507996
0262525212,194.399994
0262525312,194.309998
0262525412,194.201996
0262525512,194.093994
0262525612,193.985992
0262525712,193.878006
0262525812,193.770004
0262525912,193.679993
0262526012,193.572006
0262526112,193.464005
0262526212,193.356003
0262526312,193.248001
0262526412,193.139999
0262526512,193.031998
0262526612,192.942001
0262526712,192.834000
0262526812,192.725998
0262526912,192.617996
0262527012,192.509995
0262527112,192.401993
0262527212,192.294006
0262527312,192.203995
0262527412,192.095993
0262527512,191.988007
0262527612,191.880005
0262527712,191.772003
0262527812,191.664001
0262527912,191.556000
0262528012,191.447998
0262528112,191.358002
0262528212,191.250000
0262528312,191.141998
0262528412,191.033997
0262528512,190.925995
0262528612,190.817993
0262528712,190.710007
0262528812,190.619995
0262528912,190.511993
0262529012,190.404007
0262529112,190.296005
0262529212,190.188004
0262529312,190.080002
0262529412,189.990005
0262529512,189.882004
0262529612,189.774002
0262529712,189.666000
0262529812,189.557999
0262529912,189.449997
0262530012,189.341995
0262530112,189.251999
0262530212,189.143997
0262530312,189.035995
0262530412,188.927994
0262530512,188.820007
0262530612,188.712006
0262530712,188.604004
0262530812,188.496002
0262530912,188.406006
0262531012,188.298004
0262531112,188.190002
0262531212,188.082001
0262531312,187.973999
0262531412,187.865997
0262531512,187.757996
0262531612,187.667999
0262531712,187.559998
0262531812,187.451996
0262531912,187.343994
0262532012,187.235992
0262532112,187.128006
0262532212,187.020004
0262532312,186.929993
0262532412,186.822006
0262532512,186.714005
0262532612,186.606003
0262532712,186.498001
0262532812,186.389999
0262532912,186.281998
0262533012,186.192001
0262533112,186.084000
0262533212,185.975998
0262533312,185.867996
0262533412,185.759995
0262533512,185.651993
0262533612,185.544006
0262533712,185.453995
0262533812,185.382004
0262533912,185.328003
0262534012,185.292007
0262534112,185.255997
0262534212,185.255997
0262534312,185.255997
0262534412,185.255997
0262534512,185.255997
0262534612,185.255997
0262534712,185.255997
0262534812,185.255997
0262534912,185.255997
0262535012,185.255997
0262535112,185.255997
0262535212,185.238007
0262535312,185.220001
0262535412,185.147995
0262535512,185.076004
0262535612,184.968002
0262535712,184.860001
0262535812,184.751999
0262535912,184.662003
0262536012,184.554001
0262536112,184.445999
0262536212,184.337997
0262536312,184.229996
0262536412,184.121994
0262536512,184.014008
0262536612,183.923996
0262536712,183.815994
0262536812,183.707993
0262536912,183.600006
0262537012,183.492004
0262537112,183.384003
0262537212,183.276001
0262537312,183.186005
0262537412,183.078003
0262537512,182.970001
0262537612,182.862000
0262537712,182.753998
0262537812,182.645996
0262537912,182.556000
0262538012,182.447998
0262538112,182.339996
0262538212,182.231995
0262538312,182.123993
0262538412,182.016006
0262538512,181.908005
0262538612,181.800003
0262538712,181.710007
0262538812,181.602005
0262538912,181.494003
0262539012,181.386002
0262539112,181.278000
0262539212,181.169998
0262539312,181.061996
0262539412,180.972000
0262539512,180.863998
0262539612,180.755997
0262539712,180.647995
0262539812,180.539993
0262539912,180.432007
0262540012,180.324005
0262540112,180.233994
0262540212,180.126007
0262540312,180.018005
0262540412,179.910004
0262540512,179.802002
0262540612,179.694000
0262540712,179.585999
0262540812,179.496002
0262540912,179.388000
0262541012,179.279999
0262541112,179.171997
0262541212,179.063995
0262541312,178.955994
0262541412,178.865997
0262541512,178.757996
0262541612,178.649994
0262541712,178.542007
0262541812,178.434006
0262541912,178.326004
0262542012,178.218002
0262542112,178.110001
0262542212,178.020004
0262542312,177.912003
0262542412,177.804001
0262542512,177.695999
0262542612,177.587997
0262542712,177.479996
0262542812,177.371994
0262542912,177.281998
0262543012,177.173996
0262543112,177.065994
0262543212,176.957993
0262543312,176.850006
0262543412,176.742004
0262543512,176.634003
0262543612,176.526001
0262543712,176.436005
0262543812,176.328003
0262543912,176.220001
0262544012,176.112000
0262544112,176.003998
0262544212,175.895996
0262544312,175.806000
0262544412,175.697998
0262544512,175.589996
0262544612,175.481995
0262544712,175.373993
0262544812,175.266006
0262544912,175.158005
0262545012,175.067993
0262545112,174.960007
0262545212,174.852005
0262545312,174.744003
0262545412,174.636002
0262545512,174.528000
0262545612,174.419998
0262545712,174.330002
0262545812,174.222000
0262545912,174.113998
0262546012,174.005997
0262546112,173.897995
0262546212,173.789993
0262546312,173.682007
0262546412,173.574005
0262546512,173.483994
0262546612,173.376007
0262546712,173.268005
0262546812,173.160004
0262546912,173.052002
0262547012,172.944000
0262547112,172.835999
0262547212,172.746002
0262547312,172.638000
0262547412,172.529999
0262547512,172.421997
0262547612,172.313995
0262547712,172.205994
0262547812,172.115997
0262547912,172.007996
0262548012,171.899994
0262548112,171.792007
0262548212,171.684006
0262548312,171.576004
0262548412,171.468002
0262548512,171.378006
0262548612,171.306000
0262548712,171.251999
0262548812,171.216003
0262548912,171.216003
0262549012,171.197998
0262549112,171.197998
0262549212,171.197998
0262549312,171.197998
0262549412,171.197998
0262549512,171.197998
0262549612,171.197998
0262549712,171.197998
0262549812,171.197998
0262549912,171.197998
0262550012,171.179993
0262550112,171.143997
0262550212,171.072006
0262550312,171.000000
0262550412,170.891998
0262550512,170.783997
0262550612,170.675995
0262550712,170.585999
0262550812,170.477997
0262550912,170.369995
0262551012,170.261993
0262551112,170.154007
0262551212,170.046005
0262551312,169.938004
0262551412,169.830002
0262551512,169.740005
0262551612,169.632004
0262551712,169.524002
0262551812,169.416000
0262551912,169.307999
0262552012,169.199997
0262552112,169.091995
0262552212,169.001999
0262552312,168.893997
0262552412,168.785995
0262552512,168.677994
0262552612,168.570007
0262552712,168.462006
0262552812,168.371994
0262552912,168.264008
0262553012,168.156006
0262553112,168.048004
0262553212,167.940002
0262553312,167.832001
0262553412,167.723999
0262553512,167.634003
0262553612,167.526001
0262553712,167.417999
0262553812,167.309998
0262553912,167.201996
0262554012,167.093994
0262554112,166.985992
0262554212,166.878006
0262554312,166.787994
0262554412,166.679993
0262554512,166.572006
0262554612,166.464005
0262554712,166.356003
0262554812,166.248001
0262554912,166.139999
0262555012,166.031998
0262555112,165.942001
0262555212,165.834000
0262555312,165.725998
0262555412,165.617996
0262555512,165.509995
0262555612,165.401993
0262555712,165.294006
0262555812,165.203995
0262555912,165.095993
0262556012,164.988007
0262556112,164.880005
0262556212,164.772003
0262556312,164.664001
0262556412,164.574005
0262556512,164.466003
0262556612,164.358002
0262556712,164.250000
0262556812,164.141998
0262556912,164.033997
0262557012,163.925995
0262557112,163.817993
0262557212,163.727997
0262557312,163.619995
0262557412,163.511993
0262557512,163.404007
0262557612,163.296005
0262557712,163.188004
0262557812,163.080002
0262557912,162.990005
0262558012,162.882004
0262558112,162.774002
0262558212,162.666000
0262558312,162.557999
0262558412,162.449997
0262558512,162.341995
0262558612,162.251999
0262558712,162.143997
0262558812,162.035995
0262558912,161.927994
0262559012,161.820007
0262559112,161.712006
0262559212,161.604004
0262559312,161.514008
0262559412,161.406006
0262559512,161.298004
0262559612,161.190002
0262559712,161.082001
0262559812,160.973999
0262559912,160.865997
0262560012,160.776001
0262560112,160.667999
0262560212,160.559998
0262560312,160.451996
0262560412,160.343994
0262560512,160.235992
0262560612,160.128006
0262560712,160.020004
0262560812,159.929993
0262560912,159.822006
0262561012,159.714005
0262561112,159.606003
0262561212,159.498001
0262561312,159.389999
0262561412,159.281998
0262561512,159.192001
0262561612,159.084000
0262561712,158.975998
0262561812,158.867996
0262561912,158.759995
0262562012,158.651993
0262562112,158.544006
0262562212,158.436005
0262562312,158.345993
0262562412,158.238007
0262562512,158.130005
0262562612,158.022003
0262562712,157.914001
0262562812,157.806000
0262562912,157.716003
0262563012,157.608002
0262563112,157.500000
0262563212,157.391998
0262563312,157.302002
0262563412,157.229996
0262563512,157.175995
0262563612,157.139999
0262563712,157.139999
0262563812,157.139999
0262563912,157.139999
0262564012,157.121994
0262564112,157.121994
0262564212,157.121994
0262564312,157.121994
0262564412,157.121994
0262564512,157.121994
0262564612,157.121994
0262564712,157.121994
0262564812,157.121994
0262564912,157.121994
0262565012,157.121994
0262565112,157.139999
0262565212,157.175995
0262565312,157.248001
0262565412,157.337997
0262565512,157.427994
0262565612,157.518005
0262565712,157.626007
0262565812,157.733994
0262565912,157.841995
0262566012,157.932007
0262566112,158.039993
0262566212,158.147995
0262566312,158.255997
0262566412,158.363998
0262566512,158.472000
0262566612,158.561996
0262566712,158.669998
0262566812,158.778000
0262566912,158.886002
0262567012,158.994003
0262567112,159.102005
0262567212,159.192001
0262567312,159.300003
0262567412,159.408005
0262567512,159.516006
0262567612,159.623993
0262567712,159.731995
0262567812,159.839996
0262567912,159.947998
0262568012,160.056000
0262568112,160.145996
0262568212,160.253998
0262568312,160.362000
0262568412,160.470001
0262568512,160.578003
0262568612,160.686005
0262568712,160.794006
0262568812,160.901993
0262568912,161.009995
0262569012,161.100006
0262569112,161.207993
0262569212,161.315994
0262569312,161.423996
0262569412,161.531998
0262569512,161.639999
0262569612,161.748001
0262569712,161.837997
0262569812,161.945999
0262569912,162.054001
0262570012,162.162003
0262570112,162.270004
0262570212,162.378006
0262570312,162.485992
0262570412,162.576004
0262570512,162.684006
0262570612,162.792007
0262570712,162.899994
0262570812,163.007996
0262570912,163.115997
0262571012,163.223999
0262571112,163.332001
0262571212,163.421997
0262571312,163.529999
0262571412,163.638000
0262571512,163.746002
0262571612,163.854004
0262571712,163.962006
0262571812,164.070007
0262571912,164.177994
0262572012,164.268005
0262572112,164.376007
0262572212,164.483994
0262572312,164.591995
0262572412,164.699997
0262572512,164.807999
0262572612,164.916000
0262572712,165.005997
0262572812,165.113998
0262572912,165.222000
0262573012,165.330002
0262573112,165.438004
0262573212,165.546005
0262573312,165.654007
0262573412,165.744003
0262573512,165.852005
0262573612,165.960007
0262573712,166.067993
0262573812,166.175995
0262573912,166.283997
0262574012,166.391998
0262574112,166.500000
0262574212,166.589996
0262574312,166.697998
0262574412,166.806000
0262574512,166.914001
0262574612,167.022003
0262574712,167.130005
0262574812,167.238007
0262574912,167.328003
0262575012,167.436005
0262575112,167.544006
0262575212,167.651993
0262575312,167.759995
0262575412,167.867996
0262575512,167.975998
0262575612,168.084000
0262575712,168.173996
0262575812,168.281998
0262575912,168.389999
0262576012,168.498001
0262576112,168.606003
0262576212,168.714005
0262576312,168.822006
0262576412,168.912003
0262576512,169.020004
0262576612,169.128006
0262576712,169.235992
0262576812,169.343994
0262576912,169.451996
0262577012,169.559998
0262577112,169.649994
0262577212,169.757996
0262577312,169.865997
0262577412,169.973999
0262577512,170.082001
0262577612,170.190002
0262577712,170.298004
0262577812,170.406006
0262577912,170.496002
0262578012,170.604004
0262578112,170.694000
0262578212,170.766006
0262578312,170.802002
0262578412,170.820007
0262578512,170.837997
0262578612,170.837997
0262578712,170.837997
0262578812,170.837997
0262578912,170.837997
0262579012,170.837997
0262579112,170.837997
0262579212,170.837997
0262579312,170.837997
0262579412,170.837997
0262579512,170.837997
0262579612,170.873993
0262579712,170.927994
0262579812,171.000000
0262579912,171.089996
0262580012,171.197998
0262580112,171.306000
0262580212,171.414001
0262580312,171.503998
0262580412,171.612000
0262580512,171.720001
0262580612,171.828003
0262580712,171.936005
0262580812,172.044006
0262580912,172.151993
0262581012,172.242004
0262581112,172.350006
0262581212,172.457993
0262581312,172.565994
0262581412,172.673996
0262581512,172.781998
0262581612,172.889999
0262581712,172.979996
0262581812,173.087997
0262581912,173.195999
0262582012,173.304001
0262582112,173.412003
0262582212,173.520004
0262582312,173.610001
0262582412,173.718002
0262582512,173.826004
0262582612,173.934006
0262582712,174.042007
0262582812,174.149994
0262582912,174.257996
0262583012,174.365997
0262583112,174.455994
0262583212,174.563995
0262583312,174.671997
0262583412,174.779999
0262583512,174.888000
0262583612,174.996002
0262583712,175.104004
0262583812,175.212006
0262583912,175.302002
0262584012,175.410004
0262584112,175.518005
0262584212,175.626007
0262584312,175.733994
0262584412,175.841995
0262584512,175.949997
0262584612,176.057999
0262584712,176.147995
0262584812,176.255997
0262584912,176.363998
0262585012,176.472000
0262585112,176.580002
0262585212,176.688004
0262585312,176.796005
0262585412,176.904007
0262585512,176.994003
0262585612,177.102005
0262585712,177.210007
0262585812,177.317993
0262585912,177.425995
0262586012,177.533997
0262586112,177.641998
0262586212,177.731995
0262586312,177.839996
0262586412,177.947998
0262586512,178.056000
0262586612,178.164001
0262586712,178.272003
0262586812,178.380005
0262586912,178.488007
0262587012,178.578003
0262587112,178.686005
0262587212,178.794006
0262587312,178.901993
0262587412,179.009995
0262587512,179.117996
0262587612,179.225998
0262587712,179.315994
0262587812,179.423996
0262587912,179.531998
0262588012,179.639999
0262588112,179.748001
0262588212,179.856003
0262588312,179.964005
0262588412,180.054001
0262588512,180.162003
0262588612,180.270004
0262588712,180.378006
0262588812,180.485992
0262588912,180.593994
0262589012,180.701996
0262589112,180.809998
0262589212,180.899994
0262589312,181.007996
0262589412,181.115997
0262589512,181.223999
0262589612,181.332001
0262589712,181.440002
0262589812,181.548004
0262589912,181.638000
0262590012,181.746002
0262590112,181.854004
0262590212,181.962006
0262590312,182.070007
0262590412,182.177994
0262590512,182.285995
0262590612,182.393997
0262590712,182.501999
0262590812,182.591995
0262590912,182.699997
0262591012,182.807999
0262591112,182.916000
0262591212,183.024002
0262591312,183.132004
0262591412,183.222000
0262591512,183.330002
0262591612,183.438004
0262591712,183.546005
0262591812,183.654007
0262591912,183.761993
0262592012,183.869995
0262592112,183.960007
0262592212,184.067993
0262592312,184.175995
0262592412,184.283997
0262592512,184.391998
0262592612,184.500000
0262592712,184.608002
0262592812,184.697998
0262592912,184.787994
0262593012,184.841995
0262593112,184.895996
0262593212,184.914001
0262593312,184.914001
0262593412,184.914001
0262593512,184.914001
0262593612,184.914001
0262593712,184.914001
0262593812,184.914001
0262593912,184.914001
0262594012,184.914001
0262594112,184.914001
0262594212,184.914001
0262594312,184.932007
0262594412,184.949997
0262594512,185.022003
0262594612,185.093994
0262594712,185.184006
0262594812,185.292007
0262594912,185.399994
0262595012,185.507996
0262595112,185.615997
0262595212,185.705994
0262595312,185.813995
0262595412,185.921997
0262595512,186.029999
0262595612,186.138000
0262595712,186.246002
0262595812,186.354004
0262595912,186.462006
0262596012,186.552002
0262596112,186.660004
0262596212,186.768005
0262596312,186.876007
0262596412,186.983994
0262596512,187.091995
0262596612,187.199997
0262596712,187.289993
0262596812,187.397995
0262596912,187.505997
0262597012,187.613998
0262597112,187.722000
0262597212,187.830002
0262597312,187.938004
0262597412,188.028000
0262597512,188.136002
0262597612,188.244003
0262597712,188.352005
0262597812,188.460007
0262597912,188.567993
0262598012,188.675995
0262598112,188.783997
0262598212,188.873993
0262598312,188.981995
0262598412,189.089996
0262598512,189.197998
0262598612,189.306000
0262598712,189.414001
0262598812,189.522003
0262598912,189.630005
0262599012,189.720001
0262599112,189.828003
0262599212,189.936005
0262599312,190.044006
0262599412,190.151993
0262599512,190.259995
0262599612,190.367996
0262599712,190.457993
0262599812,190.565994
0262599912,190.673996
0262600012,190.781998
0262600112,190.889999
0262600212,190.998001
0262600312,191.106003
0262600412,191.195999
0262600512,191.304001
0262600612,191.412003
0262600712,191.520004
0262600812,191.628006
0262600912,191.735992
0262601012,191.843994
0262601112,191.934006
0262601212,192.042007
0262601312,192.149994
0262601412,192.257996
0262601512,192.365997
0262601612,192.473999
0262601712,192.582001
0262601812,192.690002
0262601912,192.779999
0262602012,192.888000
0262602112,192.996002
0262602212,193.104004
0262602312,193.212006
0262602412,193.320007
0262602512,193.427994
0262602612,193.535995
0262602712,193.626007
0262602812,193.733994
0262602912,193.841995
0262603012,193.949997
0262603112,194.057999
0262603212,194.166000
0262603312,194.255997
0262603412,194.363998
0262603512,194.472000
0262603612,194.580002
0262603712,194.688004
0262603812,194.796005
0262603912,194.904007
0262604012,194.994003
0262604112,195.102005
0262604212,195.210007
0262604312,195.317993
0262604412,195.425995
0262604512,195.533997
0262604612,195.641998
0262604712,195.750000
0262604812,195.839996
0262604912,195.947998
0262605012,196.056000
0262605112,196.164001
0262605212,196.272003
0262605312,196.380005
0262605412,196.488007
0262605512,196.578003
0262605612,196.686005
0262605712,196.794006
0262605812,196.901993
0262605912,197.009995
0262606012,197.117996
0262606112,197.225998
0262606212,197.334000
0262606312,197.423996
0262606412,197.531998
0262606512,197.639999
0262606612,197.748001
0262606712,197.856003
0262606812,197.964005
0262606912,198.072006
0262607012,198.162003
0262607112,198.270004
0262607212,198.378006
0262607312,198.485992
0262607412,198.593994
0262607512,198.701996
0262607612,198.792007
0262607712,198.863998
0262607812,198.936005
0262607912,198.972000
0262608012,198.990005
0262608112,198.990005
0262608212,198.990005
0262608312,198.990005
0262608412,198.990005
0262608512,198.990005
0262608612,198.990005
0262608712,198.990005
0262608812,198.990005
0262608912,198.990005
0262609012,198.990005
0262609112,199.007996
0262609212,199.044006
0262609312,199.098007
0262609412,199.169998
0262609512,199.278000
0262609612,199.386002
0262609712,199.494003
0262609812,199.602005
0262609912,199.692001
0262610012,199.800003
0262610112,199.908005
0262610212,200.016006
0262610312,200.123993
0262610412,200.231995
0262610512,200.339996
0262610612,200.447998
0262610712,200.537994
0262610812,200.645996
0262610912,200.753998
0262611012,200.862000
0262611112,200.970001
0262611212,201.078003
0262611312,201.186005
0262611412,201.276001
0262611512,201.384003
0262611612,201.492004
0262611712,201.600006
0262611812,201.707993
0262611912,201.815994
0262612012,201.923996
0262612112,202.014008
0262612212,202.121994
0262612312,202.229996
0262612412,202.337997
0262612512,202.445999
0262612612,202.554001
0262612712,202.662003
0262612812,202.751999
0262612912,202.860001
0262613012,202.968002
0262613112,203.076004
0262613212,203.184006
0262613312,203.292007
0262613412,203.399994
0262613512,203.490005
0262613612,203.598007
0262613712,203.705994
0262613812,203.813995
0262613912,203.921997
0262614012,204.029999
0262614112,204.138000
0262614212,204.246002
0262614312,204.335999
0262614412,204.444000
0262614512,204.552002
0262614612,204.660004
0262614712,204.768005
0262614812,204.876007
0262614912,204.966003
0262615012,205.074005
0262615112,205.182007
0262615212,205.289993
0262615312,205.397995
0262615412,205.505997
0262615512,205.613998
0262615612,205.703995
0262615712,205.811996
0262615812,205.919998
0262615912,206.028000
0262616012,206.136002
0262616112,206.244003
0262616212,206.352005
0262616312,206.442001
0262616412,206.550003
0262616512,206.658005
0262616612,206.766006
0262616712,206.873993
0262616812,206.981995
0262616912,207.089996
0262617012,207.197998
0262617112,207.287994
0262617212,207.395996
0262617312,207.503998
0262617412,207.612000
0262617512,207.720001
0262617612,207.828003
0262617712,207.936005
0262617812,208.026001
0262617912,208.134003
0262618012,208.242004
0262618112,208.350006
0262618212,208.457993
0262618312,208.565994
0262618412,208.673996
0262618512,208.764008
0262618612,208.871994
0262618712,208.979996
0262618812,209.087997
0262618912,209.195999
0262619012,209.304001
0262619112,209.412003
0262619212,209.501999
0262619312,209.610001
0262619412,209.718002
0262619512,209.826004
0262619612,209.934006
0262619712,210.042007
0262619812,210.149994
0262619912,210.240005
0262620012,210.348007
0262620112,210.455994
0262620212,210.563995
0262620312,210.671997
0262620412,210.779999
0262620512,210.888000
0262620612,210.996002
0262620712,211.085999
0262620812,211.194000
0262620912,211.302002
0262621012,211.410004
0262621112,211.518005
0262621212,211.626007
0262621312,211.716003
0262621412,211.824005
0262621512,211.932007
0262621612,212.039993
0262621712,212.147995
0262621812,212.255997
0262621912,212.363998
0262622012,212.453995
0262622112,212.561996
0262622212,212.669998
0262622312,212.778000
0262622412,212.867996
0262622512,212.957993
0262622612,213.011993
0262622712,213.048004
0262622812,213.048004
0262622912,213.048004
0262623012,213.048004
0262623112,213.048004
0262623212,213.048004
0262623312,213.048004
0262623412,213.048004
0262623512,213.048004
0262623612,213.048004
0262623712,213.048004
0262623812,213.048004
0262623912,213.048004
0262624012,213.048004
0262624112,213.048004
0262624212,213.048004
0262624312,213.048004
0262624412,213.048004
0262624512,213.048004
0262624612,213.048004
0262624712,213.048004
0262624812,213.048004
0262624912,213.065994
0262625012,213.102005
0262625112,213.156006
0262625212,213.246002
0262625312,213.335999
0262625412,213.444000
0262625512,213.552002
0262625612,213.660004
0262625712,213.750000
0262625812,213.858002
0262625912,213.966003
0262626012,214.074005
0262626112,214.182007
0262626212,214.289993
0262626312,214.397995
0262626412,214.505997
0262626512,214.595993
0262626612,214.703995
0262626712,214.811996
0262626812,214.919998
0262626912,215.028000
0262627012,215.136002
0262627112,215.225998
0262627212,215.334000
0262627312,215.442001
0262627412,215.550003
0262627512,215.658005
0262627612,215.766006
0262627712,215.873993
0262627812,215.964005
0262627912,216.072006
0262628012,216.179993
0262628112,216.287994
0262628212,216.395996
0262628312,216.503998
0262628412,216.612000
0262628512,216.701996
0262628612,216.809998
0262628712,216.917999
0262628812,217.026001
0262628912,217.134003
0262629012,217.242004
0262629112,217.350006
0262629212,217.440002
0262629312,217.548004
0262629412,217.656006
0262629512,217.764008
0262629612,217.871994
0262629712,217.979996
0262629812,218.087997
0262629912,218.195999
0262630012,218.285995
0262630112,218.393997
0262630212,218.501999
0262630312,218.610001
0262630412,218.718002
0262630512,218.826004
0262630612,218.916000
0262630712,219.024002
0262630812,219.132004
0262630912,219.240005
0262631012,219.348007
0262631112,219.455994
0262631212,219.563995
0262631312,219.671997
0262631412,219.761993
0262631512,219.869995
0262631612,219.977997
0262631712,220.085999
0262631812,220.194000
0262631912,220.302002
0262632012,220.391998
0262632112,220.500000
0262632212,220.608002
0262632312,220.716003
0262632412,220.824005
0262632512,220.932007
0262632612,221.039993
0262632712,221.147995
0262632812,221.238007
0262632912,221.345993
0262633012,221.453995
0262633112,221.561996
0262633212,221.634003
0262633312,221.688004
0262633412,221.742004
0262633512,221.759995
0262633612,221.759995
0262633712,221.759995
0262633812,221.759995
0262633912,221.759995
0262634012,221.759995
0262634112,221.759995
0262634212,221.759995
0262634312,221.759995
0262634412,221.759995
0262634512,221.759995
0262634612,221.759995
0262634712,221.742004
0262634812,221.742004
0262634912,221.742004
0262635012,221.742004
0262635112,221.742004
0262635212,221.742004
0262635312,221.742004
0262635412,221.742004
0262635512,221.742004
0262635612,221.742004
0262635712,221.742004
0262635812,221.742004
0262635912,221.742004
0262636012,221.742004
0262636112,221.742004
0262636212,221.742004
0262636312,221.742004
0262636412,221.742004
0262636512,221.742004
0262636612,221.742004
0262636712,221.742004
0262636812,221.742004
0262636912,221.723999
0262637012,221.723999
0262637112,221.723999
0262637212,221.723999
0262637312,221.723999
0262637412,221.705994
0262637512,221.705994
0262637612,221.705994
0262637712,221.705994
0262637812,221.705994
0262637912,221.688004
0262638012,221.688004
0262638112,221.688004
0262638212,221.688004
0262638312,221.669998
0262638412,221.669998
0262638512,221.669998
0262638612,221.669998
0262638712,221.651993
0262638812,221.651993
0262638912,221.651993
0262639012,221.634003
0262639112,221.634003
0262639212,221.615997
0262639312,221.615997
0262639412,221.615997
0262639512,221.598007
0262639612,221.598007
0262639712,221.598007
0262639812,221.580002
0262639912,221.580002
0262640012,221.561996
0262640112,221.561996
0262640212,221.561996
0262640312,221.544006
0262640412,221.544006
0262640512,221.544006
0262640612,221.526001
0262640712,221.526001
0262640812,221.507996
0262640912,221.507996
0262641012,221.507996
0262641112,221.490005
0262641212,221.490005
0262641312,221.490005
0262641412,221.472000
0262641512,221.472000
0262641612,221.453995
0262641712,221.453995
0262641812,221.453995
0262641912,221.436005
0262642012,221.436005
0262642112,221.436005
0262642212,221.417999
0262642312,221.417999
0262642412,221.399994
0262642512,221.399994
0262642612,221.399994
0262642712,221.382004
0262642812,221.382004
0262642912,221.382004
0262643012,221.363998
0262643112,221.363998
0262643212,221.345993
0262643312,221.345993
0262643412,221.345993
0262643512,221.328003
0262643612,221.328003
0262643712,221.328003
0262643812,221.309998
0262643912,221.309998
0262644012,221.292007
0262644112,221.292007
0262644212,221.292007
0262644312,221.274002
0262644412,221.274002
0262644512,221.255997
0262644612,221.255997
0262644712,221.255997
0262644812,221.238007
0262644912,221.238007
0262645012,221.238007
0262645112,221.220001
0262645212,221.220001
0262645312,221.201996
0262645412,221.201996
0262645512,221.201996
0262645612,221.184006
0262645712,221.184006
0262645812,221.166000
0262645912,221.166000
0262646012,221.166000
0262646112,221.147995
0262646212,221.147995
0262646312,221.147995
0262646412,221.130005
0262646512,221.130005
0262646612,221.112000
0262646712,221.112000
0262646812,221.112000
0262646912,221.093994
0262647012,221.093994
0262647112,221.076004
0262647212,221.076004
0262647312,221.076004
0262647412,221.057999
0262647512,221.057999
0262647612,221.039993
0262647712,221.039993
0262647812,221.039993
0262647912,221.022003
0262648012,221.022003
0262648112,221.022003
0262648212,221.003998
0262648312,221.003998
0262648412,220.985992
0262648512,220.985992
0262648612,220.985992
0262648712,220.968002
0262648812,220.968002
0262648912,220.949997
0262649012,220.949997
0262649112,220.949997
0262649212,220.932007
0262649312,220.932007
0262649412,220.914001
0262649512,220.914001
0262649612,220.914001
0262649712,220.895996
0262649812,220.895996
0262649912,220.895996
0262650012,220.878006
0262650112,220.878006
0262650212,220.860001
0262650312,220.860001
0262650412,220.860001
0262650512,220.841995
0262650612,220.841995
0262650712,220.824005
0262650812,220.824005
0262650912,220.824005
0262651012,220.806000
0262651112,220.806000
0262651212,220.787994
0262651312,220.787994
0262651412,220.787994
0262651512,220.770004
0262651612,220.770004
0262651712,220.751999
0262651812,220.751999
0262651912,220.751999
0262652012,220.733994
0262652112,220.733994
0262652212,220.733994
0262652312,220.716003
0262652412,220.716003
0262652512,220.697998
0262652612,220.697998
0262652712,220.697998
0262652812,220.679993
0262652912,220.679993
0262653012,220.662003
0262653112,220.662003
0262653212,220.662003
0262653312,220.643997
0262653412,220.643997
0262653512,220.626007
0262653612,220.626007
0262653712,220.626007
0262653812,220.608002
0262653912,220.608002
0262654012,220.608002
0262654112,220.589996
0262654212,220.589996
0262654312,220.572006
0262654412,220.572006
0262654512,220.572006
0262654612,220.554001
0262654712,220.554001
0262654812,220.535995
0262654912,220.535995
0262655012,220.535995
0262655112,220.518005
0262655212,220.518005
0262655312,220.500000
0262655412,220.500000
0262655512,220.500000
0262655612,220.481995
0262655712,220.481995
0262655812,220.464005
0262655912,220.464005
0262656012,220.464005
0262656112,220.445999
0262656212,220.445999
0262656312,220.445999
0262656412,220.427994
0262656512,220.427994
0262656612,220.410004
0262656712,220.410004
0262656812,220.410004
0262656912,220.391998
0262657012,220.391998
0262657112,220.373993
0262657212,220.373993
0262657312,220.373993
0262657412,220.373993
0262657512,220.373993
0262657612,220.356003
0262657712,220.356003
0262657812,220.356003
0262657912,220.356003
0262658012,220.356003
0262658112,220.356003
0262658212,220.356003
0262658312,220.356003
0262658412,220.356003
0262658512,220.356003
0262658612,220.356003
0262658712,220.356003
0262658812,220.356003
0262658912,220.356003
0262659012,220.356003
0262659112,220.356003
0262659212,220.356003
0262659312,220.356003
0262659412,220.356003
0262659512,220.356003
0262659612,220.356003
0262659712,220.356003
0262659812,220.356003
0262659912,220.356003
0262660012,220.356003
0262660112,220.356003
0262660212,220.356003
0262660312,220.356003
0262660412,220.356003
0262660512,220.356003
0262660612,220.356003
0262660712,220.356003
0262660812,220.356003
0262660912,220.356003
0262661012,220.356003
0262661112,220.356003
0262661212,220.356003
0262661312,220.356003
0262661412,220.356003
0262661512,220.356003
0262661612,220.356003
0262661712,220.356003
0262661812,220.356003
0262661912,220.356003
0262662012,220.356003
0262662112,220.356003
0262662212,220.356003
0262662312,220.356003
0262662412,220.356003
0262662512,220.356003
0262662612,220.356003
0262662712,220.356003
0262662812,220.356003
0262662912,220.356003
0262663012,220.356003
0262663112,220.356003
0262663212,220.356003
0262663312,220.356003
0262663412,220.356003
0262663512,220.356003
0262663612,220.356003
0262663712,220.356003
0262663812,220.356003
0262663912,220.356003
0262664012,220.356003
0262664112,220.356003
0262664212,220.356003
0262664312,220.356003
0262664412,220.356003
0262664512,220.356003
0262664612,220.356003
0262664712,220.356003
0262664812,220.356003
0262664912,220.356003
0262665012,220.356003
0262665112,220.356003
0262665212,220.356003
0262665312,220.356003
0262665412,220.356003
0262665512,220.356003
0262665612,220.356003
0262665712,220.356003
0262665812,220.356003
0262665912,220.356003
0262666012,220.356003
0262666112,220.356003
0262666212,220.356003
0262666312,220.356003
0262666412,220.356003
0262666512,220.356003
0262666612,220.356003
0262666712,220.356003
0262666812,220.356003
0262666912,220.356003
0262667012,220.356003
0262667112,220.356003
0262667212,220.356003
0262667312,220.356003
0262667412,220.356003
0262667512,220.356003
0262667612,220.356003
0262667712,220.356003
0262667812,220.356003
0262667912,220.356003
0262668012,220.356003
0262668112,220.356003
0262668212,220.356003
0262668312,220.356003
0262668412,220.356003
0262668512,220.356003
0262668612,220.356003
0262668712,220.356003
0262668812,220.356003
0262668912,220.356003
0262669012,220.356003
0262669112,220.356003
0262669212,220.356003
0262669312,220.356003
0262669412,220.356003
0262669512,220.356003
0262669612,220.356003
0262669712,220.356003
0262669812,220.356003
0262669912,220.356003
0262670012,220.356003
0262670112,220.356003
0262670212,220.356003
0262670312,220.356003
0262670412,220.356003
0262670512,220.356003
0262670612,220.356003
0262670712,220.356003
0262670812,220.356003
0262670912,220.356003
0262671012,220.356003
0262671112,220.356003
0262671212,220.356003
0262671312,220.356003
0262671412,220.356003
0262671512,220.356003
0262671612,220.356003
0262671712,220.356003
0262671812,220.356003
0262671912,220.356003
0262672012,220.356003
0262672112,220.356003
0262672212,220.356003
0262672312,220.356003
0262672412,220.356003
0262672512,220.356003
0262672612,220.356003
0262672712,220.356003
0262672812,220.356003
0262672912,220.356003
0262673012,220.356003
0262673112,220.356003
0262673212,220.356003
0262673312,220.356003
0262673412,220.356003
0262673512,220.356003
0262673612,220.356003
0262673712,220.356003
0262673812,220.356003
0262673912,220.356003
0262674012,220.356003
0262674112,220.356003
0262674212,220.356003
0262674312,220.356003
0262674412,220.356003
0262674512,220.356003
0262674612,220.356003
0262674712,220.356003
0262674812,220.356003
0262674912,220.356003
0262675012,220.356003
0262675112,220.356003
0262675212,220.356003
0262675312,220.356003
0262675412,220.356003
0262675512,220.356003
0262675612,220.356003
0262675712,220.356003
0262675812,220.356003
0262675912,220.356003
0262676012,220.356003
0262676112,220.356003
0262676212,220.356003
0262676312,220.356003
0262676412,220.356003
0262676512,220.356003
0262676612,220.356003
0262676712,220.356003
0262676812,220.356003
0262676912,220.356003
026267