0066441822,220.535995
0066441922,220.535995
0066442022,220.518005
0066442122,220.500000
0066442223,220.464005
0066442323,220.427994
0066442423,220.391998
0066442523,220.337997
0066442623,220.283997
0066442724,220.229996
0066442824,220.175995
0066442924,220.121994
0066443024,220.050003
0066443124,219.996002
0066443225,219.942001
0066443325,219.888000
0066443425,219.834000
0066443525,219.779999
0066443625,219.725998
0066443726,219.671997
0066443826,219.617996
0066443926,219.563995
0066444026,219.492004
0066444126,219.438004
0066444227,219.384003
0066444327,219.330002
0066444427,219.276001
0066444527,219.222000
0066444627,219.167999
0066444728,219.113998
0066444828,219.059998
0066444928,218.988007
0066445028,218.934006
0066445128,218.880005
0066445229,218.826004
0066445329,218.772003
0066445429,218.718002
0066445529,218.664001
0066445629,218.610001
0066445730,218.537994
0066445830,218.483994
0066445930,218.429993
0066446030,218.376007
0066446130,218.322006
0066446231,218.268005
0066446331,218.214005
0066446431,218.160004
0066446531,218.087997
0066446631,218.033997
0066446732,217.979996
0066446832,217.925995
0066446932,217.871994
0066447032,217.817993
0066447132,217.764008
0066447233,217.692001
0066447333,217.638000
0066447433,217.584000
0066447533,217.529999
0066447633,217.475998
0066447734,217.421997
0066447834,217.367996
0066447934,217.313995
0066448034,217.242004
0066448134,217.188004
0066448235,217.134003
0066448335,217.080002
0066448435,217.026001
0066448535,216.972000
0066448635,216.917999
0066448736,216.863998
0066448836,216.792007
0066448936,216.738007
0066449036,216.684006
0066449136,216.630005
0066449237,216.576004
0066449337,216.522003
0066449437,216.468002
0066449537,216.395996
0066449637,216.341995
0066449738,216.287994
0066449838,216.233994
0066449938,216.179993
0066450038,216.126007
0066450138,216.072006
0066450239,216.018005
0066450339,215.945999
0066450439,215.891998
0066450539,215.837997
0066450639,215.783997
0066450740,215.729996
0066450840,215.675995
0066450940,215.621994
0066451040,215.567993
0066451140,215.514008
0066451241,215.442001
0066451341,215.388000
0066451441,215.334000
0066451541,215.279999
0066451641,215.225998
0066451741,215.171997
0066451842,215.117996
0066451942,215.046005
0066452042,214.992004
0066452142,214.938004
0066452242,214.884003
0066452343,214.830002
0066452443,214.776001
0066452543,214.722000
0066452643,214.667999
0066452743,214.595993
0066452844,214.542007
0066452944,214.488007
0066453044,214.434006
0066453144,214.380005
0066453244,214.326004
0066453345,214.272003
0066453445,214.218002
0066453545,214.145996
0066453645,214.091995
0066453745,214.037994
0066453846,213.983994
0066453946,213.929993
0066454046,213.876007
0066454146,213.822006
0066454246,213.750000
0066454347,213.695999
0066454447,213.641998
0066454547,213.587997
0066454647,213.533997
0066454747,213.479996
0066454848,213.425995
0066454948,213.371994
0066455048,213.300003
0066455148,213.246002
0066455248,213.192001
0066455349,213.138000
0066455449,213.084000
0066455549,213.029999
0066455649,212.975998
0066455749,212.921997
0066455850,212.850006
0066455950,212.796005
0066456050,212.742004
0066456150,212.688004
0066456250,212.634003
0066456351,212.580002
0066456451,212.526001
0066456551,212.472000
0066456651,212.399994
0066456751,212.345993
0066456852,212.292007
0066456952,212.238007
0066457052,212.184006
0066457152,212.130005
0066457252,212.076004
0066457353,212.022003
0066457453,211.949997
0066457553,211.895996
0066457653,211.841995
0066457753,211.787994
0066457854,211.733994
0066457954,211.679993
0066458054,211.626007
0066458154,211.572006
0066458254,211.500000
0066458355,211.445999
0066458455,211.391998
0066458555,211.337997
0066458655,211.283997
0066458755,211.229996
0066458856,211.175995
0066458956,211.121994
0066459056,211.050003
0066459156,210.996002
0066459256,210.942001
0066459357,210.888000
0066459457,210.834000
0066459557,210.779999
0066459657,210.725998
0066459757,210.654007
0066459858,210.600006
0066459958,210.546005
0066460058,210.492004
0066460158,210.438004
0066460258,210.384003
0066460359,210.330002
0066460459,210.276001
0066460559,210.203995
0066460659,210.149994
0066460759,210.095993
0066460860,210.042007
0066460960,209.988007
0066461060,209.934006
0066461160,209.880005
0066461260,209.807999
0066461361,209.753998
0066461461,209.699997
0066461561,209.645996
0066461661,209.591995
0066461761,209.537994
0066461862,209.483994
0066461962,209.429993
0066462062,209.358002
0066462162,209.304001
0066462262,209.250000
0066462363,209.195999
0066462463,209.141998
0066462563,209.087997
0066462663,209.033997
0066462763,208.979996
0066462864,208.908005
0066462964,208.854004
0066463064,208.800003
0066463164,208.746002
0066463264,208.692001
0066463365,208.638000
0066463465,208.584000
0066463565,208.529999
0066463665,208.457993
0066463765,208.404007
0066463866,208.350006
0066463966,208.296005
0066464066,208.242004
0066464166,208.188004
0066464266,208.134003
0066464367,208.080002
0066464467,208.026001
0066464567,207.953995
0066464667,207.899994
0066464767,207.845993
0066464867,207.792007
0066464968,207.738007
0066465068,207.684006
0066465168,207.630005
0066465268,207.576004
0066465368,207.503998
0066465469,207.449997
0066465569,207.395996
0066465669,207.341995
0066465769,207.287994
0066465869,207.233994
0066465970,207.179993
0066466070,207.108002
0066466170,207.054001
0066466270,207.000000
0066466370,206.945999
0066466471,206.891998
0066466571,206.837997
0066466671,206.783997
0066466771,206.729996
0066466871,206.658005
0066466972,206.604004
0066467072,206.550003
0066467172,206.496002
0066467272,206.442001
0066467372,206.388000
0066467473,206.334000
0066467573,206.261993
0066467673,206.207993
0066467773,206.154007
0066467873,206.100006
0066467974,206.046005
0066468074,205.992004
0066468174,205.938004
0066468274,205.884003
0066468374,205.811996
0066468475,205.757996
0066468575,205.703995
0066468675,205.649994
0066468775,205.595993
0066468875,205.542007
0066468976,205.488007
0066469076,205.416000
0066469176,205.362000
0066469276,205.307999
0066469376,205.253998
0066469477,205.199997
0066469577,205.145996
0066469677,205.091995
0066469777,205.037994
0066469877,204.966003
0066469978,204.912003
0066470078,204.858002
0066470178,204.804001
0066470278,204.750000
0066470378,204.695999
0066470479,204.641998
0066470579,204.587997
0066470679,204.533997
0066470779,204.479996
0066470879,204.408005
0066470980,204.354004
0066471080,204.300003
0066471180,204.246002
0066471280,204.192001
0066471380,204.138000
0066471481,204.084000
0066471581,204.029999
0066471681,203.957993
0066471781,203.904007
0066471881,203.850006
0066471982,203.796005
0066472082,203.742004
0066472182,203.688004
0066472282,203.634003
0066472382,203.561996
0066472483,203.507996
0066472583,203.453995
0066472683,203.399994
0066472783,203.345993
0066472883,203.292007
0066472984,203.238007
0066473084,203.184006
0066473184,203.112000
0066473284,203.057999
0066473384,203.003998
0066473485,202.949997
0066473585,202.895996
0066473685,202.841995
0066473785,202.787994
0066473885,202.716003
0066473986,202.662003
0066474086,202.608002
0066474186,202.554001
0066474286,202.500000
0066474386,202.445999
0066474487,202.391998
0066474587,202.320007
0066474687,202.266006
0066474787,202.212006
0066474887,202.158005
0066474988,202.104004
0066475088,202.050003
0066475188,201.996002
0066475288,201.942001
0066475388,201.869995
0066475489,201.815994
0066475589,201.761993
0066475689,201.707993
0066475789,201.654007
0066475889,201.600006
0066475990,201.546005
0066476090,201.492004
0066476190,201.419998
0066476290,201.365997
0066476390,201.311996
0066476491,201.257996
0066476591,201.203995
0066476691,201.149994
0066476791,201.095993
0066476891,201.042007
0066476992,200.970001
0066477092,200.916000
0066477192,200.862000
0066477292,200.807999
0066477392,200.753998
0066477493,200.699997
0066477593,200.645996
0066477693,200.591995
0066477793,200.520004
0066477893,200.466003
0066477993,200.412003
0066478094,200.358002
0066478194,200.304001
0066478294,200.250000
0066478394,200.195999
0066478494,200.141998
0066478595,200.070007
0066478695,200.016006
0066478795,199.962006
0066478895,199.908005
0066478995,199.854004
0066479096,199.800003
0066479196,199.746002
0066479296,199.692001
0066479396,199.638000
0066479496,199.602005
0066479597,199.565994
0066479697,199.529999
0066479797,199.511993
0066479897,199.494003
0066479997,199.494003
0066480098,199.494003
0066480198,199.494003
0066480298,199.494003
0066480398,199.494003
0066480498,199.494003
0066480599,199.494003
0066480699,199.494003
0066480799,199.494003
0066484907,199.494003
0066485007,199.494003
0066485108,199.494003
0066485208,199.494003
0066485308,199.494003
0066485408,199.494003
0066485508,199.494003
0066485609,199.511993
0066485709,199.548004
0066485809,199.584000
0066485909,199.638000
0066486009,199.673996
0066486110,199.727997
0066486210,199.781998
0066486310,199.835999
0066486410,199.889999
0066486510,199.962006
0066486611,200.016006
0066486711,200.070007
0066486811,200.123993
0066486911,200.177994
0066487011,200.231995
0066487112,200.285995
0066487212,200.339996
0066487312,200.393997
0066487412,200.447998
0066487512,200.520004
0066487613,200.574005
0066487713,200.628006
0066487813,200.682007
0066487913,200.735992
0066488013,200.789993
0066488114,200.843994
0066488214,200.897995
0066488314,200.970001
0066488414,201.024002
0066488514,201.078003
0066488615,201.132004
0066488715,201.186005
0066488815,201.240005
0066488915,201.294006
0066489015,201.348007
0066489116,201.419998
0066489216,201.473999
0066489316,201.528000
0066489416,201.582001
0066489516,201.636002
0066489617,201.690002
0066489717,201.744003
0066489817,201.815994
0066489917,201.869995
0066490017,201.923996
0066490118,201.977997
0066490218,202.031998
0066490318,202.085999
0066490418,202.139999
0066490518,202.194000
0066490619,202.266006
0066490719,202.320007
0066490819,202.373993
0066490919,202.427994
0066491019,202.481995
0066491119,202.535995
0066491220,202.589996
0066491320,202.643997
0066491420,202.697998
0066491520,202.770004
0066491620,202.824005
0066491721,202.878006
0066491821,202.932007
0066491921,202.985992
0066492021,203.039993
0066492121,203.093994
0066492222,203.166000
0066492322,203.220001
0066492422,203.274002
0066492522,203.328003
0066492622,203.382004
0066492723,203.436005
0066492823,203.490005
0066492923,203.561996
0066493023,203.615997
0066493123,203.669998
0066493224,203.723999
0066493324,203.778000
0066493424,203.832001
0066493524,203.886002
0066493624,203.940002
0066493725,204.011993
0066493825,204.065994
0066493925,204.119995
0066494025,204.173996
0066494125,204.227997
0066494226,204.281998
0066494326,204.335999
0066494426,204.389999
0066494526,204.462006
0066494626,204.516006
0066494727,204.570007
0066494827,204.623993
0066494927,204.677994
0066495027,204.731995
0066495127,204.785995
0066495228,204.858002
0066495328,204.912003
0066495428,204.966003
0066495528,205.020004
0066495628,205.074005
0066495729,205.128006
0066495829,205.182007
0066495929,205.235992
0066496029,205.307999
0066496129,205.362000
0066496230,205.416000
0066496330,205.470001
0066496430,205.524002
0066496530,205.578003
0066496630,205.632004
0066496731,205.686005
0066496831,205.757996
0066496931,205.811996
0066497031,205.865997
0066497131,205.919998
0066497232,205.973999
0066497332,206.028000
0066497432,206.082001
0066497532,206.136002
0066497632,206.207993
0066497733,206.261993
0066497833,206.315994
0066497933,206.369995
0066498033,206.423996
0066498133,206.477997
0066498234,206.531998
0066498334,206.604004
0066498434,206.658005
0066498534,206.712006
0066498634,206.766006
0066498735,206.820007
0066498835,206.873993
0066498935,206.927994
0066499035,207.000000
0066499135,207.054001
0066499236,207.108002
0066499336,207.162003
0066499436,207.216003
0066499536,207.270004
0066499636,207.324005
0066499737,207.395996
0066499837,207.449997
0066499937,207.503998
0066500037,207.557999
0066500137,207.612000
0066500238,207.666000
0066500338,207.720001
0066500438,207.792007
0066500538,207.845993
0066500638,207.899994
0066500739,207.953995
0066500839,208.007996
0066500939,208.061996
0066501039,208.115997
0066501139,208.169998
0066501240,208.242004
0066501340,208.296005
0066501440,208.350006
0066501540,208.404007
0066501640,208.457993
0066501741,208.511993
0066501841,208.565994
0066501941,208.619995
0066502041,208.692001
0066502141,208.746002
0066502242,208.800003
0066502342,208.854004
0066502442,208.908005
0066502542,208.962006
0066502642,209.016006
0066502743,209.070007
0066502843,209.141998
0066502943,209.195999
0066503043,209.250000
0066503143,209.304001
0066503244,209.358002
0066503344,209.412003
0066503444,209.466003
0066503544,209.520004
0066503644,209.591995
0066503745,209.645996
0066503845,209.699997
0066503945,209.753998
0066504045,209.807999
0066504145,209.862000
0066504245,209.916000
0066504346,209.970001
0066504446,210.042007
0066504546,210.095993
0066504646,210.149994
0066504746,210.203995
0066504847,210.257996
0066504947,210.311996
0066505047,210.384003
0066505147,210.438004
0066505247,210.492004
0066505348,210.546005
0066505448,210.600006
0066505548,210.654007
0066505648,210.707993
0066505748,210.761993
0066505849,210.834000
0066505949,210.888000
0066506049,210.942001
0066506149,210.996002
0066506249,211.050003
0066506350,211.104004
0066506450,211.158005
0066506550,211.229996
0066506650,211.283997
0066506750,211.337997
0066506851,211.391998
0066506951,211.445999
0066507051,211.500000
0066507151,211.554001
0066507251,211.608002
0066507352,211.679993
0066507452,211.733994
0066507552,211.787994
0066507652,211.841995
0066507752,211.895996
0066507853,211.949997
0066507953,212.003998
0066508053,212.057999
0066508153,212.130005
0066508253,212.184006
0066508354,212.238007
0066508454,212.292007
0066508554,212.345993
0066508654,212.399994
0066508754,212.453995
0066508855,212.507996
0066508955,212.580002
0066509055,212.634003
0066509155,212.688004
0066509255,212.742004
0066509356,212.796005
0066509456,212.850006
0066509556,212.904007
0066509656,212.957993
0066509756,213.029999
0066509857,213.084000
0066509957,213.138000
0066510057,213.192001
0066510157,213.246002
0066510257,213.300003
0066510358,213.354004
0066510458,213.408005
0066510558,213.479996
0066510658,213.533997
0066510758,213.587997
0066510859,213.641998
0066510959,213.695999
0066511059,213.750000
0066511159,213.804001
0066511259,213.876007
0066511360,213.929993
0066511460,213.983994
0066511560,214.037994
0066511660,214.091995
0066511760,214.145996
0066511861,214.199997
0066511961,214.272003
0066512061,214.326004
0066512161,214.380005
0066512261,214.434006
0066512362,214.488007
0066512462,214.542007
0066512562,214.595993
0066512662,214.649994
0066512762,214.722000
0066512863,214.776001
0066512963,214.830002
0066513063,214.884003
0066513163,214.938004
0066513263,214.992004
0066513364,215.046005
0066513464,215.117996
0066513564,215.171997
0066513664,215.225998
0066513764,215.279999
0066513865,215.334000
0066513965,215.388000
0066514065,215.442001
0066514165,215.496002
0066514265,215.567993
0066514366,215.621994
0066514466,215.675995
0066514566,215.729996
0066514666,215.783997
0066514766,215.837997
0066514867,215.891998
0066514967,215.945999
0066515067,216.018005
0066515167,216.072006
0066515267,216.126007
0066515368,216.179993
0066515468,216.233994
0066515568,216.287994
0066515668,216.341995
0066515768,216.395996
0066515869,216.468002
0066515969,216.522003
0066516069,216.576004
0066516169,216.612000
0066516269,216.666000
0066516370,216.701996
0066516470,216.720001
0066516570,216.738007
0066516670,216.755997
0066516770,216.755997
0066516871,216.755997
0066516971,216.755997
0066517071,216.755997
0066517171,216.755997
0066517271,216.755997
0066517372,216.755997
0066517472,216.755997
0066517572,216.755997
0066560858,220.535995
0066560958,220.535995
0066561058,220.518005
0066561158,220.500000
0066561258,220.481995
0066561359,220.445999
0066561459,220.391998
0066561559,220.356003
0066561659,220.302002
0066561759,220.248001
0066561860,220.194000
0066561960,220.121994
0066562060,220.067993
0066562160,220.014008
0066562260,219.960007
0066562361,219.906006
0066562461,219.852005
0066562561,219.798004
0066562661,219.744003
0066562761,219.690002
0066562862,219.636002
0066562962,219.563995
0066563062,219.509995
0066563162,219.455994
0066563262,219.401993
0066563363,219.348007
0066563463,219.294006
0066563563,219.240005
0066563663,219.186005
0066563763,219.132004
0066563864,219.059998
0066563964,219.005997
0066564064,218.951996
0066564164,218.897995
0066564264,218.843994
0066564365,218.789993
0066564465,218.735992
0066564565,218.682007
0066564665,218.610001
0066564765,218.556000
0066564866,218.501999
0066564966,218.447998
0066565066,218.393997
0066565166,218.339996
0066565266,218.285995
0066565367,218.231995
0066565467,218.160004
0066565567,218.106003
0066565667,218.052002
0066565767,217.998001
0066565868,217.944000
0066565968,217.889999
0066566068,217.835999
0066566168,217.764008
0066566268,217.710007
0066566369,217.656006
0066566469,217.602005
0066566569,217.548004
0066566669,217.494003
0066566769,217.440002
0066566870,217.386002
0066566970,217.313995
0066567070,217.259995
0066567170,217.205994
0066567270,217.151993
0066567371,217.098007
0066567471,217.044006
0066567571,216.990005
0066567671,216.917999
0066567771,216.863998
0066567872,216.809998
0066567972,216.755997
0066568072,216.701996
0066568172,216.647995
0066568272,216.593994
0066568373,216.539993
0066568473,216.468002
0066568573,216.414001
0066568673,216.360001
0066568773,216.306000
0066568874,216.251999
0066568974,216.197998
0066569074,216.143997
0066569174,216.089996
0066569274,216.018005
0066569375,215.964005
0066569475,215.910004
0066569575,215.856003
0066569675,215.802002
0066569775,215.748001
0066569876,215.694000
0066569976,215.639999
0066570076,215.567993
0066570176,215.514008
0066570276,215.460007
0066570376,215.406006
0066570477,215.352005
0066570577,215.298004
0066570677,215.244003
0066570777,215.190002
0066570877,215.117996
0066570978,215.063995
0066571078,215.009995
0066571178,214.955994
0066571278,214.901993
0066571378,214.848007
0066571479,214.794006
0066571579,214.740005
0066571679,214.667999
0066571779,214.613998
0066571879,214.559998
0066571980,214.505997
0066572080,214.451996
0066572180,214.397995
0066572280,214.343994
0066572380,214.289993
0066572481,214.218002
0066572581,214.164001
0066572681,214.110001
0066572781,214.056000
0066572881,214.001999
0066572982,213.947998
0066573082,213.893997
0066573182,213.822006
0066573282,213.768005
0066573382,213.714005
0066573483,213.660004
0066573583,213.606003
0066573683,213.552002
0066573783,213.498001
0066573883,213.444000
0066573984,213.371994
0066574084,213.317993
0066574184,213.264008
0066574284,213.210007
0066574384,213.156006
0066574485,213.102005
0066574585,213.048004
0066574685,212.975998
0066574785,212.921997
0066574885,212.867996
0066574986,212.813995
0066575086,212.759995
0066575186,212.705994
0066575286,212.651993
0066575386,212.598007
0066575487,212.526001
0066575587,212.472000
0066575687,212.417999
0066575787,212.363998
0066575887,212.309998
0066575988,212.255997
0066576088,212.201996
0066576188,212.147995
0066576288,212.093994
0066576388,212.022003
0066576489,211.968002
0066576589,211.914001
0066576689,211.860001
0066576789,211.806000
0066576889,211.751999
0066576990,211.697998
0066577090,211.643997
0066577190,211.572006
0066577290,211.518005
0066577390,211.464005
0066577491,211.410004
0066577591,211.356003
0066577691,211.302002
0066577791,211.248001
0066577891,211.194000
0066577992,211.121994
0066578092,211.067993
0066578192,211.014008
0066578292,210.960007
0066578392,210.906006
0066578493,210.852005
0066578593,210.798004
0066578693,210.725998
0066578793,210.671997
0066578893,210.617996
0066578994,210.563995
0066579094,210.509995
0066579194,210.455994
0066579294,210.401993
0066579394,210.348007
0066579495,210.276001
0066579595,210.222000
0066579695,210.167999
0066579795,210.113998
0066579895,210.059998
0066579996,210.005997
0066580096,209.951996
0066580196,209.880005
0066580296,209.826004
0066580396,209.772003
0066580497,209.718002
0066580597,209.664001
0066580697,209.610001
0066580797,209.556000
0066580897,209.501999
0066580998,209.429993
0066581098,209.376007
0066581198,209.322006
0066581298,209.268005
0066581398,209.214005
0066581499,209.160004
0066581599,209.106003
0066581699,209.052002
0066581799,208.979996
0066581899,208.925995
0066582000,208.871994
0066582100,208.817993
0066582200,208.764008
0066582300,208.710007
0066582400,208.656006
0066582501,208.602005
0066582601,208.529999
0066582701,208.475998
0066582801,208.421997
0066582901,208.367996
0066583002,208.313995
0066583102,208.259995
0066583202,208.205994
0066583302,208.151993
0066583402,208.098007
0066583502,208.026001
0066583603,207.972000
0066583703,207.917999
0066583803,207.863998
0066583903,207.809998
0066584003,207.755997
0066584104,207.701996
0066584204,207.630005
0066584304,207.576004
0066584404,207.522003
0066584504,207.468002
0066584605,207.414001
0066584705,207.360001
0066584805,207.306000
0066584905,207.251999
0066585005,207.179993
0066585106,207.126007
0066585206,207.072006
0066585306,207.018005
0066585406,206.964005
0066585506,206.910004
0066585607,206.856003
0066585707,206.802002
0066585807,206.729996
0066585907,206.675995
0066586007,206.621994
0066586108,206.567993
0066586208,206.514008
0066586308,206.460007
0066586408,206.406006
0066586508,206.334000
0066586609,206.279999
0066586709,206.225998
0066586809,206.171997
0066586909,206.117996
0066587009,206.063995
0066587110,206.009995
0066587210,205.938004
0066587310,205.884003
0066587410,205.830002
0066587510,205.776001
0066587611,205.722000
0066587711,205.667999
0066587811,205.613998
0066587911,205.559998
0066588011,205.488007
0066588112,205.434006
0066588212,205.380005
0066588312,205.326004
0066588412,205.272003
0066588512,205.218002
0066588613,205.164001
0066588713,205.110001
0066588813,205.037994
0066588913,204.983994
0066589013,204.929993
0066589114,204.876007
0066589214,204.822006
0066589314,204.768005
0066589414,204.714005
0066589514,204.660004
0066589615,204.606003
0066589715,204.533997
0066589815,204.479996
0066589915,204.425995
0066590015,204.371994
0066590116,204.317993
0066590216,204.264008
0066590316,204.210007
0066590416,204.156006
0066590516,204.084000
0066590617,204.029999
0066590717,203.975998
0066590817,203.921997
0066590917,203.867996
0066591017,203.813995
0066591118,203.759995
0066591218,203.705994
0066591318,203.634003
0066591418,203.580002
0066591518,203.526001
0066591619,203.472000
0066591719,203.417999
0066591819,203.363998
0066591919,203.309998
0066592019,203.238007
0066592120,203.184006
0066592220,203.130005
0066592320,203.076004
0066592420,203.022003
0066592520,202.968002
0066592621,202.914001
0066592721,202.841995
0066592821,202.787994
0066592921,202.733994
0066593021,202.679993
0066593122,202.626007
0066593222,202.572006
0066593322,202.518005
0066593422,202.464005
0066593522,202.391998
0066593623,202.337997
0066593723,202.283997
0066593823,202.229996
0066593923,202.175995
0066594023,202.121994
0066594124,202.067993
0066594224,201.996002
0066594324,201.942001
0066594424,201.888000
0066594524,201.834000
0066594625,201.779999
0066594725,201.725998
0066594825,201.671997
0066594925,201.617996
0066595025,201.563995
0066595126,201.492004
0066595226,201.438004
0066595326,201.384003
0066595426,201.330002
0066595526,201.276001
0066595627,201.222000
0066595727,201.167999
0066595827,201.113998
0066595927,201.042007
0066596027,200.988007
0066596128,200.934006
0066596228,200.880005
0066596328,200.826004
0066596428,200.772003
0066596528,200.718002
0066596628,200.664001
0066596729,200.591995
0066596829,200.537994
0066596929,200.483994
0066597029,200.429993
0066597129,200.376007
0066597230,200.322006
0066597330,200.268005
0066597430,200.214005
0066597530,200.141998
0066597630,200.087997
0066597731,200.033997
0066597831,199.979996
0066597931,199.925995
0066598031,199.871994
0066598131,199.817993
0066598232,199.746002
0066598332,199.692001
0066598432,199.656006
0066598532,199.602005
0066598632,199.565994
0066598733,199.548004
0066598833,199.511993
0066598933,199.494003
0066599033,199.494003
0066599133,199.494003
0066599234,199.494003
0066599334,199.494003
0066599434,199.494003
0066599534,199.494003
0066599634,199.494003
0066599735,199.494003
0066599835,199.494003
0066603943,199.494003
0066604043,199.494003
0066604143,199.494003
0066604244,199.494003
0066604344,199.494003
0066604444,199.494003
0066604544,199.494003
0066604644,199.511993
0066604745,199.548004
0066604845,199.584000
0066604945,199.638000
0066605045,199.673996
0066605145,199.727997
0066605246,199.781998
0066605346,199.835999
0066605446,199.908005
0066605546,199.962006
0066605646,200.016006
0066605747,200.070007
0066605847,200.123993
0066605947,200.177994
0066606047,200.231995
0066606147,200.285995
0066606248,200.339996
0066606348,200.393997
0066606448,200.447998
0066606548,200.520004
0066606648,200.574005
0066606749,200.628006
0066606849,200.682007
0066606949,200.735992
0066607049,200.789993
0066607149,200.843994
0066607250,200.916000
0066607350,200.970001
0066607450,201.024002
0066607550,201.078003
0066607650,201.132004
0066607751,201.186005
0066607851,201.240005
0066607951,201.294006
0066608051,201.365997
0066608151,201.419998
0066608252,201.473999
0066608352,201.528000
0066608452,201.582001
0066608552,201.636002
0066608652,201.690002
0066608753,201.761993
0066608853,201.815994
0066608953,201.869995
0066609053,201.923996
0066609153,201.977997
0066609254,202.031998
0066609354,202.085999
0066609454,202.139999
0066609554,202.194000
0066609654,202.266006
0066609754,202.320007
0066609855,202.373993
0066609955,202.427994
0066610055,202.481995
0066610155,202.535995
0066610255,202.589996
0066610356,202.643997
0066610456,202.716003
0066610556,202.770004
0066610656,202.824005
0066610756,202.878006
0066610857,202.932007
0066610957,202.985992
0066611057,203.039993
0066611157,203.112000
0066611257,203.166000
0066611358,203.220001
0066611458,203.274002
0066611558,203.328003
0066611658,203.382004
0066611758,203.436005
0066611859,203.490005
0066611959,203.561996
0066612059,203.615997
0066612159,203.669998
0066612259,203.723999
0066612360,203.778000
0066612460,203.832001
0066612560,203.886002
0066612660,203.957993
0066612760,204.011993
0066612861,204.065994
0066612961,204.119995
0066613061,204.173996
0066613161,204.227997
0066613261,204.281998
0066613362,204.354004
0066613462,204.408005
0066613562,204.462006
0066613662,204.516006
0066613762,204.570007
0066613863,204.623993
0066613963,204.677994
0066614063,204.731995
0066614163,204.785995
0066614263,204.858002
0066614364,204.912003
0066614464,204.966003
0066614564,205.020004
0066614664,205.074005
0066614764,205.128006
0066614865,205.182007
0066614965,205.253998
0066615065,205.307999
0066615165,205.362000
0066615265,205.416000
0066615366,205.470001
0066615466,205.524002
0066615566,205.578003
0066615666,205.632004
0066615766,205.703995
0066615867,205.757996
0066615967,205.811996
0066616067,205.865997
0066616167,205.919998
0066616267,205.973999
0066616368,206.028000
0066616468,206.082001
0066616568,206.154007
0066616668,206.207993
0066616768,206.261993
0066616869,206.315994
0066616969,206.369995
0066617069,206.423996
0066617169,206.477997
0066617269,206.531998
0066617370,206.604004
0066617470,206.658005
0066617570,206.712006
0066617670,206.766006
0066617770,206.820007
0066617871,206.873993
0066617971,206.945999
0066618071,207.000000
0066618171,207.054001
0066618271,207.108002
0066618372,207.162003
0066618472,207.216003
0066618572,207.270004
0066618672,207.341995
0066618772,207.395996
0066618873,207.449997
0066618973,207.503998
0066619073,207.557999
0066619173,207.612000
0066619273,207.666000
0066619374,207.720001
0066619474,207.792007
0066619574,207.845993
0066619674,207.899994
0066619774,207.953995
0066619875,208.007996
0066619975,208.061996
0066620075,208.115997
0066620175,208.188004
0066620275,208.242004
0066620376,208.296005
0066620476,208.350006
0066620576,208.404007
0066620676,208.457993
0066620776,208.511993
0066620877,208.565994
0066620977,208.638000
0066621077,208.692001
0066621177,208.746002
0066621277,208.800003
0066621378,208.854004
0066621478,208.908005
0066621578,208.962006
0066621678,209.016006
0066621778,209.087997
0066621879,209.141998
0066621979,209.195999
0066622079,209.250000
0066622179,209.304001
0066622279,209.358002
0066622380,209.412003
0066622480,209.466003
0066622580,209.537994
0066622680,209.591995
0066622780,209.645996
0066622880,209.699997
0066622981,209.753998
0066623081,209.807999
0066623181,209.862000
0066623281,209.916000
0066623381,209.988007
0066623482,210.042007
0066623582,210.095993
0066623682,210.149994
0066623782,210.203995
0066623882,210.257996
0066623983,210.311996
0066624083,210.384003
0066624183,210.438004
0066624283,210.492004
0066624383,210.546005
0066624484,210.600006
0066624584,210.654007
0066624684,210.707993
0066624784,210.779999
0066624884,210.834000
0066624985,210.888000
0066625085,210.942001
0066625185,210.996002
0066625285,211.050003
0066625385,211.104004
0066625486,211.158005
0066625586,211.229996
0066625686,211.283997
0066625786,211.337997
0066625886,211.391998
0066625987,211.445999
0066626087,211.500000
0066626187,211.554001
0066626287,211.626007
0066626387,211.679993
0066626488,211.733994
0066626588,211.787994
0066626688,211.841995
0066626788,211.895996
0066626888,211.949997
0066626989,212.003998
0066627089,212.076004
0066627189,212.130005
0066627289,212.184006
0066627389,212.238007
0066627490,212.292007
0066627590,212.345993
0066627690,212.399994
0066627790,212.453995
0066627890,212.526001
0066627991,212.580002
0066628091,212.634003
0066628191,212.688004
0066628291,212.742004
0066628391,212.796005
0066628492,212.850006
0066628592,212.904007
0066628692,212.975998
0066628792,213.029999
0066628892,213.084000
0066628993,213.138000
0066629093,213.192001
0066629193,213.246002
0066629293,213.300003
0066629393,213.354004
0066629494,213.425995
0066629594,213.479996
0066629694,213.533997
0066629794,213.587997
0066629894,213.641998
0066629995,213.695999
0066630095,213.750000
0066630195,213.822006
0066630295,213.876007
0066630395,213.929993
0066630496,213.983994
0066630596,214.037994
0066630696,214.091995
0066630796,214.145996
0066630896,214.199997
0066630997,214.272003
0066631097,214.326004
0066631197,214.380005
0066631297,214.434006
0066631397,214.488007
0066631498,214.542007
0066631598,214.595993
0066631698,214.667999
0066631798,214.722000
0066631898,214.776001
0066631999,214.830002
0066632099,214.884003
0066632199,214.938004
0066632299,214.992004
0066632399,215.063995
0066632500,215.117996
0066632600,215.171997
0066632700,215.225998
0066632800,215.279999
0066632900,215.334000
0066633001,215.388000
0066633101,215.442001
0066633201,215.496002
0066633301,215.567993
0066633401,215.621994
0066633502,215.675995
0066633602,215.729996
0066633702,215.783997
0066633802,215.837997
0066633902,215.891998
0066634003,215.964005
0066634103,216.018005
0066634203,216.072006
0066634303,216.126007
0066634403,216.179993
0066634504,216.233994
0066634604,216.287994
0066634704,216.341995
0066634804,216.414001
0066634904,216.468002
0066635005,216.522003
0066635105,216.576004
0066635205,216.612000
0066635305,216.666000
0066635405,216.701996
0066635506,216.720001
0066635606,216.738007
0066635706,216.755997
0066635806,216.755997
0066635906,216.755997
0066636006,216.755997
0066636107,216.755997
0066636207,216.755997
0066636307,216.755997
0066636407,216.755997
0066636507,216.755997
0066679893,220.535995
0066679994,220.535995
0066680094,220.518005
0066680194,220.500000
0066680294,220.464005
0066680394,220.427994
0066680495,220.373993
0066680595,220.320007
0066680695,220.266006
0066680795,220.212006
0066680895,220.158005
0066680996,220.104004
0066681096,220.050003
0066681196,219.996002
0066681296,219.942001
0066681396,219.888000
0066681497,219.834000
0066681597,219.779999
0066681697,219.725998
0066681797,219.654007
0066681897,219.600006
0066681998,219.546005
0066682098,219.492004
0066682198,219.438004
0066682298,219.384003
0066682398,219.330002
0066682499,219.276001
0066682599,219.222000
0066682699,219.167999
0066682799,219.095993
0066682899,219.042007
0066683000,218.988007
0066683100,218.934006
0066683200,218.880005
0066683300,218.826004
0066683400,218.772003
0066683501,218.699997
0066683601,218.645996
0066683701,218.591995
0066683801,218.537994
0066683901,218.483994
0066684002,218.429993
0066684102,218.376007
0066684202,218.322006
0066684302,218.250000
0066684402,218.195999
0066684503,218.141998
0066684603,218.087997
0066684703,218.033997
0066684803,217.979996
0066684903,217.925995
0066685004,217.871994
0066685104,217.800003
0066685204,217.746002
0066685304,217.692001
0066685404,217.638000
0066685505,217.584000
0066685605,217.529999
0066685705,217.475998
0066685805,217.404007
0066685905,217.350006
0066686006,217.296005
0066686106,217.242004
0066686206,217.188004
0066686306,217.134003
0066686406,217.080002
0066686507,217.026001
0066686607,216.953995
0066686707,216.899994
0066686807,216.845993
0066686907,216.792007
0066687008,216.738007
0066687108,216.684006
0066687208,216.630005
0066687308,216.557999
0066687408,216.503998
0066687509,216.449997
0066687609,216.395996
0066687709,216.341995
0066687809,216.287994
0066687909,216.233994
0066688010,216.179993
0066688110,216.108002
0066688210,216.054001
0066688310,216.000000
0066688410,215.945999
0066688511,215.891998
0066688611,215.837997
0066688711,215.783997
0066688811,215.729996
0066688911,215.675995
0066689011,215.604004
0066689112,215.550003
0066689212,215.496002
0066689312,215.442001
0066689412,215.388000
0066689512,215.334000
0066689613,215.279999
0066689713,215.225998
0066689813,215.154007
0066689913,215.100006
0066690013,215.046005
0066690114,214.992004
0066690214,214.938004
0066690314,214.884003
0066690414,214.830002
0066690514,214.757996
0066690615,214.703995
0066690715,214.649994
0066690815,214.595993
0066690915,214.542007
0066691015,214.488007
0066691116,214.434006
0066691216,214.380005
0066691316,214.307999
0066691416,214.253998
0066691516,214.199997
0066691617,214.145996
0066691717,214.091995
0066691817,214.037994
0066691917,213.983994
0066692017,213.929993
0066692118,213.858002
0066692218,213.804001
0066692318,213.750000
0066692418,213.695999
0066692518,213.641998
0066692619,213.587997
0066692719,213.533997
0066692819,213.462006
0066692919,213.408005
0066693019,213.354004
0066693120,213.300003
0066693220,213.246002
0066693320,213.192001
0066693420,213.138000
0066693520,213.084000
0066693621,213.011993
0066693721,212.957993
0066693821,212.904007
0066693921,212.850006
0066694021,212.796005
0066694122,212.742004
0066694222,212.688004
0066694322,212.634003
0066694422,212.561996
0066694522,212.507996
0066694623,212.453995
0066694723,212.399994
0066694823,212.345993
0066694923,212.292007
0066695023,212.238007
0066695124,212.184006
0066695224,212.112000
0066695324,212.057999
0066695424,212.003998
0066695524,211.949997
0066695625,211.895996
0066695725,211.841995
0066695825,211.787994
0066695925,211.733994
0066696025,211.662003
0066696126,211.608002
0066696226,211.554001
0066696326,211.500000
0066696426,211.445999
0066696526,211.391998
0066696627,211.337997
0066696727,211.283997
0066696827,211.229996
0066696927,211.158005
0066697027,211.104004
0066697128,211.050003
0066697228,210.996002
0066697328,210.942001
0066697428,210.888000
0066697528,210.834000
0066697629,210.761993
0066697729,210.707993
0066697829,210.654007
0066697929,210.600006
0066698029,210.546005
0066698130,210.492004
0066698230,210.438004
0066698330,210.365997
0066698430,210.311996
0066698530,210.257996
0066698631,210.203995
0066698731,210.149994
0066698831,210.095993
0066698931,210.042007
0066699031,209.988007
0066699132,209.916000
0066699232,209.862000
0066699332,209.807999
0066699432,209.753998
0066699532,209.699997
0066699633,209.645996
0066699733,209.591995
0066699833,209.520004
0066699933,209.466003
0066700033,209.412003
0066700134,209.358002
0066700234,209.304001
0066700334,209.250000
0066700434,209.195999
0066700534,209.141998
0066700635,209.070007
0066700735,209.016006
0066700835,208.962006
0066700935,208.908005
0066701035,208.854004
0066701136,208.800003
0066701236,208.746002
0066701336,208.692001
0066701436,208.619995
0066701536,208.565994
0066701637,208.511993
0066701737,208.457993
0066701837,208.404007
0066701937,208.350006
0066702037,208.296005
0066702137,208.242004
0066702238,208.188004
0066702338,208.115997
0066702438,208.061996
0066702538,208.007996
0066702638,207.953995
0066702739,207.899994
0066702839,207.845993
0066702939,207.792007
0066703039,207.738007
0066703139,207.666000
0066703240,207.612000
0066703340,207.557999
0066703440,207.503998
0066703540,207.449997
0066703640,207.395996
0066703741,207.341995
0066703841,207.287994
0066703941,207.216003
0066704041,207.162003
0066704141,207.108002
0066704242,207.054001
0066704342,207.000000
0066704442,206.945999
0066704542,206.891998
0066704642,206.820007
0066704743,206.766006
0066704843,206.712006
0066704943,206.658005
0066705043,206.604004
0066705143,206.550003
0066705244,206.496002
0066705344,206.442001
0066705444,206.369995
0066705544,206.315994
0066705644,206.261993
0066705745,206.207993
0066705845,206.154007
0066705945,206.100006
0066706045,206.046005
0066706145,205.973999
0066706246,205.919998
0066706346,205.865997
0066706446,205.811996
0066706546,205.757996
0066706646,205.703995
0066706747,205.649994
0066706847,205.578003
0066706947,205.524002
0066707047,205.470001
0066707147,205.416000
0066707248,205.362000
0066707348,205.307999
0066707448,205.253998
0066707548,205.199997
0066707648,205.128006
0066707749,205.074005
0066707849,205.020004
0066707949,204.966003
0066708049,204.912003
0066708149,204.858002
0066708250,204.804001
0066708350,204.750000
0066708450,204.695999
0066708550,204.641998
0066708650,204.570007
0066708751,204.516006
0066708851,204.462006
0066708951,204.408005
0066709051,204.354004
0066709151,204.300003
0066709252,204.246002
0066709352,204.192001
0066709452,204.119995
0066709552,204.065994
0066709652,204.011993
0066709753,203.957993
0066709853,203.904007
0066709953,203.850006
0066710053,203.796005
0066710153,203.723999
0066710254,203.669998
0066710354,203.615997
0066710454,203.561996
0066710554,203.507996
0066710654,203.453995
0066710755,203.399994
0066710855,203.345993
0066710955,203.274002
0066711055,203.220001
0066711155,203.166000
0066711256,203.112000
0066711356,203.057999
0066711456,203.003998
0066711556,202.949997
0066711656,202.878006
0066711757,202.824005
0066711857,202.770004
0066711957,202.716003
0066712057,202.662003
0066712157,202.608002
0066712258,202.554001
0066712358,202.481995
0066712458,202.427994
0066712558,202.373993
0066712658,202.320007
0066712759,202.266006
0066712859,202.212006
0066712959,202.158005
0066713059,202.104004
0066713159,202.031998
0066713260,201.977997
0066713360,201.923996
0066713460,201.869995
0066713560,201.815994
0066713660,201.761993
0066713761,201.707993
0066713861,201.654007
0066713961,201.582001
0066714061,201.528000
0066714161,201.473999
0066714262,201.419998
0066714362,201.365997
0066714462,201.311996
0066714562,201.257996
0066714662,201.203995
0066714762,201.149994
0066714863,201.078003
0066714963,201.024002
0066715063,200.970001
0066715163,200.916000
0066715263,200.862000
0066715364,200.807999
0066715464,200.753998
0066715564,200.699997
0066715664,200.628006
0066715764,200.574005
0066715865,200.520004
0066715965,200.466003
0066716065,200.412003
0066716165,200.358002
0066716265,200.304001
0066716366,200.231995
0066716466,200.177994
0066716566,200.123993
0066716666,200.070007
0066716766,200.016006
0066716867,199.962006
0066716967,199.908005
0066717067,199.854004
0066717167,199.781998
0066717267,199.727997
0066717368,199.673996
0066717468,199.638000
0066717568,199.584000
0066717668,199.565994
0066717768,199.529999
0066717869,199.511993
0066717969,199.494003
0066718069,199.494003
0066718169,199.494003
0066718269,199.494003
0066718370,199.494003
0066718470,199.494003
0066718570,199.494003
0066718670,199.494003
0066718770,199.494003
0066722879,199.494003
0066722979,199.494003
0066723079,199.494003
0066723179,199.494003
0066723279,199.494003
0066723380,199.494003
0066723480,199.494003
0066723580,199.511993
0066723680,199.529999
0066723780,199.565994
0066723881,199.602005
0066723981,199.656006
0066724081,199.710007
0066724181,199.764008
0066724281,199.817993
0066724382,199.871994
0066724482,199.925995
0066724582,199.979996
0066724682,200.033997
0066724782,200.087997
0066724883,200.141998
0066724983,200.195999
0066725083,200.250000
0066725183,200.304001
0066725283,200.376007
0066725384,200.429993
0066725484,200.483994
0066725584,200.537994
0066725684,200.591995
0066725784,200.645996
0066725885,200.699997
0066725985,200.772003
0066726085,200.826004
0066726185,200.880005
0066726285,200.934006
0066726386,200.988007
0066726486,201.042007
0066726586,201.095993
0066726686,201.149994
0066726786,201.222000
0066726887,201.276001
0066726987,201.330002
0066727087,201.384003
0066727187,201.438004
0066727287,201.492004
0066727388,201.546005
0066727488,201.617996
0066727588,201.671997
0066727688,201.725998
0066727788,201.779999
0066727889,201.834000
0066727989,201.888000
0066728089,201.942001
0066728189,201.996002
0066728289,202.067993
0066728389,202.121994
0066728490,202.175995
0066728590,202.229996
0066728690,202.283997
0066728790,202.337997
0066728890,202.391998
0066728991,202.445999
0066729091,202.518005
0066729191,202.572006
0066729291,202.626007
0066729391,202.679993
0066729492,202.733994
0066729592,202.787994
0066729692,202.841995
0066729792,202.895996
0066729892,202.949997
0066729993,203.022003
0066730093,203.076004
0066730193,203.130005
0066730293,203.184006
0066730393,203.238007
0066730494,203.292007
0066730594,203.345993
0066730694,203.417999
0066730794,203.472000
0066730894,203.526001
0066730995,203.580002
0066731095,203.634003
0066731195,203.688004
0066731295,203.742004
0066731395,203.813995
0066731496,203.867996
0066731596,203.921997
0066731696,203.975998
0066731796,204.029999
0066731896,204.084000
0066731997,204.138000
0066732097,204.192001
0066732197,204.264008
0066732297,204.317993
0066732397,204.371994
0066732498,204.425995
0066732598,204.479996
0066732698,204.533997
0066732798,204.587997
0066732898,204.641998
0066732999,204.714005
0066733099,204.768005
0066733199,204.822006
0066733299,204.876007
0066733399,204.929993
0066733500,204.983994
0066733600,205.037994
0066733700,205.110001
0066733800,205.164001
0066733900,205.218002
0066734001,205.272003
0066734101,205.326004
0066734201,205.380005
0066734301,205.434006
0066734401,205.488007
0066734502,205.559998
0066734602,205.613998
0066734702,205.667999
0066734802,205.722000
0066734902,205.776001
0066735003,205.830002
0066735103,205.884003
0066735203,205.938004
0066735303,206.009995
0066735403,206.063995
0066735504,206.117996
0066735604,206.171997
0066735704,206.225998
0066735804,206.279999
0066735904,206.334000
0066736005,206.388000
0066736105,206.460007
0066736205,206.514008
0066736305,206.567993
0066736405,206.621994
0066736506,206.675995
0066736606,206.729996
0066736706,206.802002
0066736806,206.856003
0066736906,206.910004
0066737007,206.964005
0066737107,207.018005
0066737207,207.072006
0066737307,207.126007
0066737407,207.197998
0066737508,207.251999
0066737608,207.306000
0066737708,207.360001
0066737808,207.414001
0066737908,207.468002
0066738009,207.522003
0066738109,207.576004
0066738209,207.647995
0066738309,207.701996
0066738409,207.755997
0066738510,207.809998
0066738610,207.863998
0066738710,207.917999
0066738810,207.972000
0066738910,208.044006
0066739011,208.098007
0066739111,208.151993
0066739211,208.205994
0066739311,208.259995
0066739411,208.313995
0066739512,208.367996
0066739612,208.421997
0066739712,208.494003
0066739812,208.548004
0066739912,208.602005
0066740013,208.656006
0066740113,208.710007
0066740213,208.764008
0066740313,208.817993
0066740413,208.871994
0066740514,208.944000
0066740614,208.998001
0066740714,209.052002
0066740814,209.106003
0066740914,209.160004
0066741014,209.214005
0066741115,209.268005
0066741215,209.322006
0066741315,209.393997
0066741415,209.447998
0066741515,209.501999
0066741616,209.556000
0066741716,209.610001
0066741816,209.664001
0066741916,209.718002
0066742016,209.772003
0066742117,209.843994
0066742217,209.897995
0066742317,209.951996
0066742417,210.005997
0066742517,210.059998
0066742618,210.113998
0066742718,210.167999
0066742818,210.240005
0066742918,210.294006
0066743018,210.348007
0066743119,210.401993
0066743219,210.455994
0066743319,210.509995
0066743419,210.563995
0066743519,210.636002
0066743620,210.690002
0066743720,210.744003
0066743820,210.798004
0066743920,210.852005
0066744020,210.906006
0066744121,210.960007
0066744221,211.014008
0066744321,211.085999
0066744421,211.139999
0066744521,211.194000
0066744622,211.248001
0066744722,211.302002
0066744822,211.356003
0066744922,211.410004
0066745022,211.481995
0066745123,211.535995
0066745223,211.589996
0066745323,211.643997
0066745423,211.697998
0066745523,211.751999
0066745624,211.806000
0066745724,211.860001
0066745824,211.932007
0066745924,211.985992
0066746024,212.039993
0066746125,212.093994
0066746225,212.147995
0066746325,212.201996
0066746425,212.255997
0066746525,212.309998
0066746626,212.382004
0066746726,212.436005
0066746826,212.490005
0066746926,212.544006
0066747026,212.598007
0066747127,212.651993
0066747227,212.705994
0066747327,212.759995
0066747427,212.832001
0066747527,212.886002
0066747628,212.940002
0066747728,212.994003
0066747828,213.048004
0066747928,213.102005
0066748028,213.156006
0066748129,213.210007
0066748229,213.281998
0066748329,213.335999
0066748429,213.389999
0066748529,213.444000
0066748630,213.498001
0066748730,213.552002
0066748830,213.606003
0066748930,213.660004
0066749030,213.731995
0066749131,213.785995
0066749231,213.839996
0066749331,213.893997
0066749431,213.947998
0066749531,214.001999
0066749632,214.056000
0066749732,214.128006
0066749832,214.182007
0066749932,214.235992
0066750032,214.289993
0066750133,214.343994
0066750233,214.397995
0066750333,214.451996
0066750433,214.524002
0066750533,214.578003
0066750634,214.632004
0066750734,214.686005
0066750834,214.740005
0066750934,214.794006
0066751034,214.848007
0066751135,214.901993
0066751235,214.973999
0066751335,215.028000
0066751435,215.082001
0066751535,215.136002
0066751636,215.190002
0066751736,215.244003
0066751836,215.298004
0066751936,215.369995
0066752036,215.423996
0066752137,215.477997
0066752237,215.531998
0066752337,215.585999
0066752437,215.639999
0066752537,215.694000
0066752638,215.748001
0066752738,215.820007
0066752838,215.873993
0066752938,215.927994
0066753038,215.981995
0066753139,216.035995
0066753239,216.089996
0066753339,216.143997
0066753439,216.197998
0066753539,216.270004
0066753640,216.324005
0066753740,216.378006
0066753840,216.432007
0066753940,216.485992
0066754040,216.539993
0066754141,216.593994
0066754241,216.630005
0066754341,216.684006
0066754441,216.701996
0066754541,216.738007
0066754641,216.755997
0066754742,216.755997
0066754842,216.755997
0066754942,216.755997
0066755042,216.755997
0066755142,216.755997
0066755243,216.755997
0066755343,216.755997
0066755443,216.755997
0066755543,216.755997
0066798929,220.535995
0066799029,220.535995
0066799130,220.518005
0066799230,220.500000
0066799330,220.464005
0066799430,220.427994
0066799530,220.373993
0066799631,220.320007
0066799731,220.266006
0066799831,220.212006
0066799931,220.158005
0066800031,220.104004
0066800132,220.050003
0066800232,219.996002
0066800332,219.942001
0066800432,219.888000
0066800532,219.834000
0066800633,219.761993
0066800733,219.707993
0066800833,219.654007
0066800933,219.600006
0066801033,219.546005
0066801134,219.492004
0066801234,219.438004
0066801334,219.384003
0066801434,219.330002
0066801534,219.257996
0066801635,219.203995
0066801735,219.149994
0066801835,219.095993
0066801935,219.042007
0066802035,218.988007
0066802136,218.934006
0066802236,218.880005
0066802336,218.826004
0066802436,218.753998
0066802536,218.699997
0066802637,218.645996
0066802737,218.591995
0066802837,218.537994
0066802937,218.483994
0066803037,218.429993
0066803138,218.376007
0066803238,218.304001
0066803338,218.250000
0066803438,218.195999
0066803538,218.141998
0066803639,218.087997
0066803739,218.033997
0066803839,217.979996
0066803939,217.908005
0066804039,217.854004
0066804140,217.800003
0066804240,217.746002
0066804340,217.692001
0066804440,217.638000
0066804540,217.584000
0066804641,217.529999
0066804741,217.457993
0066804841,217.404007
0066804941,217.350006
0066805041,217.296005
0066805142,217.242004
0066805242,217.188004
0066805342,217.134003
0066805442,217.061996
0066805542,217.007996
0066805643,216.953995
0066805743,216.899994
0066805843,216.845993
0066805943,216.792007
0066806043,216.738007
0066806144,216.684006
0066806244,216.612000
0066806344,216.557999
0066806444,216.503998
0066806544,216.449997
0066806645,216.395996
0066806745,216.341995
0066806845,216.287994
0066806945,216.216003
0066807045,216.162003
0066807145,216.108002
0066807246,216.054001
0066807346,216.000000
0066807446,215.945999
0066807546,215.891998
0066807646,215.837997
0066807747,215.783997
0066807847,215.712006
0066807947,215.658005
0066808047,215.604004
0066808147,215.550003
0066808248,215.496002
0066808348,215.442001
0066808448,215.388000
0066808548,215.334000
0066808648,215.261993
0066808749,215.207993
0066808849,215.154007
0066808949,215.100006
0066809049,215.046005
0066809149,214.992004
0066809250,214.938004
0066809350,214.884003
0066809450,214.811996
0066809550,214.757996
0066809650,214.703995
0066809751,214.649994
0066809851,214.595993
0066809951,214.542007
0066810051,214.488007
0066810151,214.416000
0066810252,214.362000
0066810352,214.307999
0066810452,214.253998
0066810552,214.199997
0066810652,214.145996
0066810753,214.091995
0066810853,214.037994
0066810953,213.966003
0066811053,213.912003
0066811153,213.858002
0066811254,213.804001
0066811354,213.750000
0066811454,213.695999
0066811554,213.641998
0066811654,213.587997
0066811755,213.516006
0066811855,213.462006
0066811955,213.408005
0066812055,213.354004
0066812155,213.300003
0066812256,213.246002
0066812356,213.192001
0066812456,213.119995
0066812556,213.065994
0066812656,213.011993
0066812757,212.957993
0066812857,212.904007
0066812957,212.850006
0066813057,212.796005
0066813157,212.742004
0066813258,212.669998
0066813358,212.615997
0066813458,212.561996
0066813558,212.507996
0066813658,212.453995
0066813759,212.399994
0066813859,212.345993
0066813959,212.292007
0066814059,212.220001
0066814159,212.166000
0066814260,212.112000
0066814360,212.057999
0066814460,212.003998
0066814560,211.949997
0066814660,211.895996
0066814761,211.841995
0066814861,211.770004
0066814961,211.716003
0066815061,211.662003
0066815161,211.608002
0066815262,211.554001
0066815362,211.500000
0066815462,211.445999
0066815562,211.391998
0066815662,211.320007
0066815763,211.266006
0066815863,211.212006
0066815963,211.158005
0066816063,211.104004
0066816163,211.050003
0066816264,210.996002
0066816364,210.942001
0066816464,210.869995
0066816564,210.815994
0066816664,210.761993
0066816765,210.707993
0066816865,210.654007
0066816965,210.600006
0066817065,210.546005
0066817165,210.492004
0066817266,210.419998
0066817366,210.365997
0066817466,210.311996
0066817566,210.257996
0066817666,210.203995
0066817767,210.149994
0066817867,210.095993
0066817967,210.024002
0066818067,209.970001
0066818167,209.916000
0066818268,209.862000
0066818368,209.807999
0066818468,209.753998
0066818568,209.699997
0066818668,209.628006
0066818769,209.574005
0066818869,209.520004
0066818969,209.466003
0066819069,209.412003
0066819169,209.358002
0066819270,209.304001
0066819370,209.250000
0066819470,209.177994
0066819570,209.123993
0066819670,209.070007
0066819771,209.016006
0066819871,208.962006
0066819971,208.908005
0066820071,208.854004
0066820171,208.800003
0066820271,208.727997
0066820372,208.673996
0066820472,208.619995
0066820572,208.565994
0066820672,208.511993
0066820772,208.457993
0066820873,208.404007
0066820973,208.350006
0066821073,208.296005
0066821173,208.223999
0066821273,208.169998
0066821374,208.115997
0066821474,208.061996
0066821574,208.007996
0066821674,207.953995
0066821774,207.899994
0066821875,207.845993
0066821975,207.774002
0066822075,207.720001
0066822175,207.666000
0066822275,207.612000
0066822376,207.557999
0066822476,207.503998
0066822576,207.449997
0066822676,207.395996
0066822776,207.324005
0066822877,207.270004
0066822977,207.216003
0066823077,207.162003
0066823177,207.108002
0066823277,207.054001
0066823378,207.000000
0066823478,206.927994
0066823578,206.873993
0066823678,206.820007
0066823778,206.766006
0066823879,206.712006
0066823979,206.658005
0066824079,206.604004
0066824179,206.550003
0066824279,206.477997
0066824380,206.423996
0066824480,206.369995
0066824580,206.315994
0066824680,206.261993
0066824780,206.207993
0066824881,206.154007
0066824981,206.082001
0066825081,206.028000
0066825181,205.973999
0066825281,205.919998
0066825382,205.865997
0066825482,205.811996
0066825582,205.757996
0066825682,205.686005
0066825782,205.632004
0066825883,205.578003
0066825983,205.524002
0066826083,205.470001
0066826183,205.416000
0066826283,205.362000
0066826384,205.307999
0066826484,205.253998
0066826584,205.182007
0066826684,205.128006
0066826784,205.074005
0066826885,205.020004
0066826985,204.966003
0066827085,204.912003
0066827185,204.858002
0066827285,204.804001
0066827386,204.750000
0066827486,204.677994
0066827586,204.623993
0066827686,204.570007
0066827786,204.516006
0066827887,204.462006
0066827987,204.408005
0066828087,204.354004
0066828187,204.300003
0066828287,204.227997
0066828388,204.173996
0066828488,204.119995
0066828588,204.065994
0066828688,204.011993
0066828788,203.957993
0066828889,203.904007
0066828989,203.850006
0066829089,203.778000
0066829189,203.723999
0066829289,203.669998
0066829390,203.615997
0066829490,203.561996
0066829590,203.507996
0066829690,203.453995
0066829790,203.382004
0066829891,203.328003
0066829991,203.274002
0066830091,203.220001
0066830191,203.166000
0066830291,203.112000
0066830392,203.057999
0066830492,203.003998
0066830592,202.932007
0066830692,202.878006
0066830792,202.824005
0066830893,202.770004
0066830993,202.716003
0066831093,202.662003
0066831193,202.608002
0066831293,202.535995
0066831394,202.481995
0066831494,202.427994
0066831594,202.373993
0066831694,202.320007
0066831794,202.266006
0066831895,202.212006
0066831995,202.158005
0066832095,202.085999
0066832195,202.031998
0066832295,201.977997
0066832396,201.923996
0066832496,201.869995
0066832596,201.815994
0066832696,201.761993
0066832796,201.690002
0066832896,201.636002
0066832997,201.582001
0066833097,201.528000
0066833197,201.473999
0066833297,201.419998
0066833397,201.365997
0066833498,201.311996
0066833598,201.257996
0066833698,201.186005
0066833798,201.132004
0066833898,201.078003
0066833999,201.024002
0066834099,200.970001
0066834199,200.916000
0066834299,200.862000
0066834399,200.807999
0066834500,200.735992
0066834600,200.682007
0066834700,200.628006
0066834800,200.574005
0066834900,200.520004
0066835001,200.466003
0066835101,200.412003
0066835201,200.358002
0066835301,200.285995
0066835401,200.231995
0066835502,200.177994
0066835602,200.123993
0066835702,200.070007
0066835802,200.016006
0066835902,199.962006
0066836003,199.889999
0066836103,199.835999
0066836203,199.781998
0066836303,199.727997
0066836403,199.673996
0066836504,199.619995
0066836604,199.584000
0066836704,199.548004
0066836804,199.529999
0066836904,199.511993
0066837005,199.494003
0066837105,199.494003
0066837205,199.494003
0066837305,199.494003
0066837405,199.494003
0066837506,199.494003
0066837606,199.494003
0066837706,199.494003
0066837806,199.494003
0066842015,199.494003
0066842115,199.494003
0066842215,199.494003
0066842315,199.494003
0066842415,199.494003
0066842516,199.494003
0066842616,199.494003
0066842716,199.529999
0066842816,199.548004
0066842916,199.584000
0066843017,199.638000
0066843117,199.692001
0066843217,199.746002
0066843317,199.800003
0066843417,199.854004
0066843518,199.908005
0066843618,199.962006
0066843718,200.016006
0066843818,200.070007
0066843918,200.123993
0066844019,200.177994
0066844119,200.231995
0066844219,200.285995
0066844319,200.358002
0066844419,200.412003
0066844520,200.466003
0066844620,200.520004
0066844720,200.574005
0066844820,200.628006
0066844920,200.682007
0066845021,200.753998
0066845121,200.807999
0066845221,200.862000
0066845321,200.916000
0066845421,200.970001
0066845522,201.024002
0066845622,201.078003
0066845722,201.132004
0066845822,201.203995
0066845922,201.257996
0066846022,201.311996
0066846123,201.365997
0066846223,201.419998
0066846323,201.473999
0066846423,201.528000
0066846523,201.600006
0066846624,201.654007
0066846724,201.707993
0066846824,201.761993
0066846924,201.815994
0066847024,201.869995
0066847125,201.923996
0066847225,201.977997
0066847325,202.050003
0066847425,202.104004
0066847525,202.158005
0066847626,202.212006
0066847726,202.266006
0066847826,202.320007
0066847926,202.373993
0066848026,202.427994
0066848127,202.500000
0066848227,202.554001
0066848327,202.608002
0066848427,202.662003
0066848527,202.716003
0066848628,202.770004
0066848728,202.824005
0066848828,202.878006
0066848928,202.932007
0066849028,203.003998
0066849129,203.057999
0066849229,203.112000
0066849329,203.166000
0066849429,203.220001
0066849529,203.274002
0066849630,203.328003
0066849730,203.399994
0066849830,203.453995
0066849930,203.507996
0066850030,203.561996
0066850131,203.615997
0066850231,203.669998
0066850331,203.723999
0066850431,203.778000
0066850531,203.850006
0066850632,203.904007
0066850732,203.957993
0066850832,204.011993
0066850932,204.065994
0066851032,204.119995
0066851133,204.173996
0066851233,204.246002
0066851333,204.300003
0066851433,204.354004
0066851533,204.408005
0066851634,204.462006
0066851734,204.516006
0066851834,204.570007
0066851934,204.623993
0066852034,204.695999
0066852135,204.750000
0066852235,204.804001
0066852335,204.858002
0066852435,204.912003
0066852535,204.966003
0066852636,205.020004
0066852736,205.091995
0066852836,205.145996
0066852936,205.199997
0066853036,205.253998
0066853137,205.307999
0066853237,205.362000
0066853337,205.416000
0066853437,205.470001
0066853537,205.542007
0066853638,205.595993
0066853738,205.649994
0066853838,205.703995
0066853938,205.757996
0066854038,205.811996
0066854139,205.865997
0066854239,205.919998
0066854339,205.992004
0066854439,206.046005
0066854539,206.100006
0066854640,206.154007
0066854740,206.207993
0066854840,206.261993
0066854940,206.315994
0066855040,206.369995
0066855141,206.442001
0066855241,206.496002
0066855341,206.550003
0066855441,206.604004
0066855541,206.658005
0066855642,206.712006
0066855742,206.783997
0066855842,206.837997
0066855942,206.891998
0066856042,206.945999
0066856143,207.000000
0066856243,207.054001
0066856343,207.108002
0066856443,207.162003
0066856543,207.233994
0066856644,207.287994
0066856744,207.341995
0066856844,207.395996
0066856944,207.449997
0066857044,207.503998
0066857145,207.557999
0066857245,207.630005
0066857345,207.684006
0066857445,207.738007
0066857545,207.792007
0066857646,207.845993
0066857746,207.899994
0066857846,207.953995
0066857946,208.026001
0066858046,208.080002
0066858147,208.134003
0066858247,208.188004
0066858347,208.242004
0066858447,208.296005
0066858547,208.350006
0066858648,208.404007
0066858748,208.475998
0066858848,208.529999
0066858948,208.584000
0066859048,208.638000
0066859148,208.692001
0066859249,208.746002
0066859349,208.800003
0066859449,208.854004
0066859549,208.925995
0066859649,208.979996
0066859750,209.033997
0066859850,209.087997
0066859950,209.141998
0066860050,209.195999
0066860150,209.250000
0066860251,209.304001
0066860351,209.376007
0066860451,209.429993
0066860551,209.483994
0066860651,209.537994
0066860752,209.591995
0066860852,209.645996
0066860952,209.699997
0066861052,209.753998
0066861152,209.826004
0066861253,209.880005
0066861353,209.934006
0066861453,209.988007
0066861553,210.042007
0066861653,210.095993
0066861754,210.149994
0066861854,210.222000
0066861954,210.276001
0066862054,210.330002
0066862154,210.384003
0066862255,210.438004
0066862355,210.492004
0066862455,210.546005
0066862555,210.600006
0066862655,210.671997
0066862756,210.725998
0066862856,210.779999
0066862956,210.834000
0066863056,210.888000
0066863156,210.942001
0066863257,210.996002
0066863357,211.067993
0066863457,211.121994
0066863557,211.175995
0066863657,211.229996
0066863758,211.283997
0066863858,211.337997
0066863958,211.391998
0066864058,211.464005
0066864158,211.518005
0066864259,211.572006
0066864359,211.626007
0066864459,211.679993
0066864559,211.733994
0066864659,211.787994
0066864760,211.841995
0066864860,211.914001
0066864960,211.968002
0066865060,212.022003
0066865160,212.076004
0066865261,212.130005
0066865361,212.184006
0066865461,212.238007
0066865561,212.292007
0066865661,212.363998
0066865762,212.417999
0066865862,212.472000
0066865962,212.526001
0066866062,212.580002
0066866162,212.634003
0066866263,212.688004
0066866363,212.742004
0066866463,212.813995
0066866563,212.867996
0066866663,212.921997
0066866764,212.975998
0066866864,213.029999
0066866964,213.084000
0066867064,213.138000
0066867164,213.192001
0066867265,213.264008
0066867365,213.317993
0066867465,213.371994
0066867565,213.425995
0066867665,213.479996
0066867766,213.533997
0066867866,213.587997
0066867966,213.641998
0066868066,213.714005
0066868166,213.768005
0066868267,213.822006
0066868367,213.876007
0066868467,213.929993
0066868567,213.983994
0066868667,214.037994
0066868768,214.110001
0066868868,214.164001
0066868968,214.218002
0066869068,214.272003
0066869168,214.326004
0066869269,214.380005
0066869369,214.434006
0066869469,214.505997
0066869569,214.559998
0066869669,214.613998
0066869770,214.667999
0066869870,214.722000
0066869970,214.776001
0066870070,214.830002
0066870170,214.884003
0066870271,214.955994
0066870371,215.009995
0066870471,215.063995
0066870571,215.117996
0066870671,215.171997
0066870772,215.225998
0066870872,215.279999
0066870972,215.352005
0066871072,215.406006
0066871172,215.460007
0066871273,215.514008
0066871373,215.567993
0066871473,215.621994
0066871573,215.675995
0066871673,215.729996
0066871774,215.802002
0066871874,215.856003
0066871974,215.910004
0066872074,215.964005
0066872174,216.018005
0066872274,216.072006
0066872375,216.126007
0066872475,216.179993
0066872575,216.251999
0066872675,216.306000
0066872775,216.360001
0066872876,216.414001
0066872976,216.468002
0066873076,216.522003
0066873176,216.576004
0066873276,216.630005
0066873377,216.666000
0066873477,216.701996
0066873577,216.720001
0066873677,216.738007
0066873777,216.755997
0066873878,216.755997
0066873978,216.755997
0066874078,216.755997
0066874178,216.755997
0066874278,216.755997
0066874379,216.755997
0066874479,216.755997
0066874579,216.755997
0066874679,216.755997
0066917965,220.535995
0066918065,220.535995
0066918165,220.518005
0066918266,220.500000
0066918366,220.481995
0066918466,220.445999
0066918566,220.391998
0066918666,220.337997
0066918767,220.283997
0066918867,220.229996
0066918967,220.175995
0066919067,220.121994
0066919167,220.067993
0066919268,220.014008
0066919368,219.960007
0066919468,219.906006
0066919568,219.852005
0066919668,219.798004
0066919769,219.725998
0066919869,219.671997
0066919969,219.617996
0066920069,219.563995
0066920169,219.509995
0066920270,219.455994
0066920370,219.401993
0066920470,219.348007
0066920570,219.294006
0066920670,219.240005
0066920771,219.167999
0066920871,219.113998
0066920971,219.059998
0066921071,219.005997
0066921171,218.951996
0066921272,218.897995
0066921372,218.843994
0066921472,218.772003
0066921572,218.718002
0066921672,218.664001
0066921773,218.610001
0066921873,218.556000
0066921973,218.501999
0066922073,218.447998
0066922173,218.393997
0066922274,218.339996
0066922374,218.268005
0066922474,218.214005
0066922574,218.160004
0066922674,218.106003
0066922775,218.052002
0066922875,217.998001
0066922975,217.944000
0066923075,217.871994
0066923175,217.817993
0066923276,217.764008
0066923376,217.710007
0066923476,217.656006
0066923576,217.602005
0066923676,217.548004
0066923777,217.494003
0066923877,217.421997
0066923977,217.367996
0066924077,217.313995
0066924177,217.259995
0066924278,217.205994
0066924378,217.151993
0066924478,217.098007
0066924578,217.026001
0066924678,216.972000
0066924778,216.917999
0066924879,216.863998
0066924979,216.809998
0066925079,216.755997
0066925179,216.701996
0066925279,216.647995
0066925380,216.576004
0066925480,216.522003
0066925580,216.468002
0066925680,216.414001
0066925780,216.360001
0066925881,216.306000
0066925981,216.251999
0066926081,216.179993
0066926181,216.126007
0066926281,216.072006
0066926382,216.018005
0066926482,215.964005
0066926582,215.910004
0066926682,215.856003
0066926782,215.802002
0066926883,215.748001
0066926983,215.675995
0066927083,215.621994
0066927183,215.567993
0066927283,215.514008
0066927384,215.460007
0066927484,215.406006
0066927584,215.352005
0066927684,215.298004
0066927784,215.225998
0066927885,215.171997
0066927985,215.117996
0066928085,215.063995
0066928185,215.009995
0066928285,214.955994
0066928386,214.901993
0066928486,214.848007
0066928586,214.776001
0066928686,214.722000
0066928786,214.667999
0066928887,214.613998
0066928987,214.559998
0066929087,214.505997
0066929187,214.451996
0066929287,214.397995
0066929388,214.326004
0066929488,214.272003
0066929588,214.218002
0066929688,214.164001
0066929788,214.110001
0066929889,214.056000
0066929989,214.001999
0066930089,213.929993
0066930189,213.876007
0066930289,213.822006
0066930390,213.768005
0066930490,213.714005
0066930590,213.660004
0066930690,213.606003
0066930790,213.552002
0066930891,213.479996
0066930991,213.425995
0066931091,213.371994
0066931191,213.317993
0066931291,213.264008
0066931392,213.210007
0066931492,213.156006
0066931592,213.084000
0066931692,213.029999
0066931792,212.975998
0066931893,212.921997
0066931993,212.867996
0066932093,212.813995
0066932193,212.759995
0066932293,212.705994
0066932394,212.634003
0066932494,212.580002
0066932594,212.526001
0066932694,212.472000
0066932794,212.417999
0066932895,212.363998
0066932995,212.309998
0066933095,212.255997
0066933195,212.184006
0066933295,212.130005
0066933396,212.076004
0066933496,212.022003
0066933596,211.968002
0066933696,211.914001
0066933796,211.860001
0066933897,211.806000
0066933997,211.751999
0066934097,211.679993
0066934197,211.626007
0066934297,211.572006
0066934398,211.518005
0066934498,211.464005
0066934598,211.410004
0066934698,211.356003
0066934798,211.302002
0066934899,211.229996
0066934999,211.175995
0066935099,211.121994
0066935199,211.067993
0066935299,211.014008
0066935400,210.960007
0066935500,210.906006
0066935600,210.834000
0066935700,210.779999
0066935800,210.725998
0066935901,210.671997
0066936001,210.617996
0066936101,210.563995
0066936201,210.509995
0066936301,210.438004
0066936402,210.384003
0066936502,210.330002
0066936602,210.276001
0066936702,210.222000
0066936802,210.167999
0066936903,210.113998
0066937003,210.059998
0066937103,209.988007
0066937203,209.934006
0066937303,209.880005
0066937404,209.826004
0066937504,209.772003
0066937604,209.718002
0066937704,209.664001
0066937804,209.591995
0066937904,209.537994
0066938005,209.483994
0066938105,209.429993
0066938205,209.376007
0066938305,209.322006
0066938405,209.268005
0066938506,209.214005
0066938606,209.141998
0066938706,209.087997
0066938806,209.033997
0066938906,208.979996
0066939007,208.925995
0066939107,208.871994
0066939207,208.817993
0066939307,208.764008
0066939407,208.692001
0066939508,208.638000
0066939608,208.584000
0066939708,208.529999
0066939808,208.475998
0066939908,208.421997
0066940009,208.367996
0066940109,208.313995
0066940209,208.259995
0066940309,208.188004
0066940409,208.134003
0066940510,208.080002
0066940610,208.026001
0066940710,207.972000
0066940810,207.917999
0066940910,207.863998
0066941011,207.809998
0066941111,207.738007
0066941211,207.684006
0066941311,207.630005
0066941411,207.576004
0066941512,207.522003
0066941612,207.468002
0066941712,207.414001
0066941812,207.360001
0066941912,207.287994
0066942013,207.233994
0066942113,207.179993
0066942213,207.126007
0066942313,207.072006
0066942413,207.018005
0066942514,206.964005
0066942614,206.910004
0066942714,206.837997
0066942814,206.783997
0066942914,206.729996
0066943015,206.675995
0066943115,206.621994
0066943215,206.567993
0066943315,206.514008
0066943415,206.442001
0066943516,206.388000
0066943616,206.334000
0066943716,206.279999
0066943816,206.225998
0066943916,206.171997
0066944017,206.117996
0066944117,206.046005
0066944217,205.992004
0066944317,205.938004
0066944417,205.884003
0066944518,205.830002
0066944618,205.776001
0066944718,205.722000
0066944818,205.667999
0066944918,205.595993
0066945019,205.542007
0066945119,205.488007
0066945219,205.434006
0066945319,205.380005
0066945419,205.326004
0066945520,205.272003
0066945620,205.218002
0066945720,205.145996
0066945820,205.091995
0066945920,205.037994
0066946021,204.983994
0066946121,204.929993
0066946221,204.876007
0066946321,204.822006
0066946421,204.768005
0066946522,204.714005
0066946622,204.641998
0066946722,204.587997
0066946822,204.533997
0066946922,204.479996
0066947023,204.425995
0066947123,204.371994
0066947223,204.317993
0066947323,204.264008
0066947423,204.192001
0066947524,204.138000
0066947624,204.084000
0066947724,204.029999
0066947824,203.975998
0066947924,203.921997
0066948025,203.867996
0066948125,203.813995
0066948225,203.742004
0066948325,203.688004
0066948425,203.634003
0066948526,203.580002
0066948626,203.526001
0066948726,203.472000
0066948826,203.417999
0066948926,203.345993
0066949027,203.292007
0066949127,203.238007
0066949227,203.184006
0066949327,203.130005
0066949427,203.076004
0066949528,203.022003
0066949628,202.968002
0066949728,202.895996
0066949828,202.841995
0066949928,202.787994
0066950029,202.733994
0066950129,202.679993
0066950229,202.626007
0066950329,202.572006
0066950429,202.500000
0066950530,202.445999
0066950630,202.391998
0066950730,202.337997
0066950830,202.283997
0066950930,202.229996
0066951030,202.175995
0066951131,202.121994
0066951231,202.050003
0066951331,201.996002
0066951431,201.942001
0066951531,201.888000
0066951632,201.834000
0066951732,201.779999
0066951832,201.725998
0066951932,201.671997
0066952032,201.600006
0066952133,201.546005
0066952233,201.492004
0066952333,201.438004
0066952433,201.384003
0066952533,201.330002
0066952634,201.276001
0066952734,201.222000
0066952834,201.149994
0066952934,201.095993
0066953034,201.042007
0066953135,200.988007
0066953235,200.934006
0066953335,200.880005
0066953435,200.826004
0066953535,200.772003
0066953636,200.699997
0066953736,200.645996
0066953836,200.591995
0066953936,200.537994
0066954036,200.483994
0066954137,200.429993
0066954237,200.376007
0066954337,200.322006
0066954437,200.250000
0066954537,200.195999
0066954638,200.141998
0066954738,200.087997
0066954838,200.033997
0066954938,199.979996
0066955038,199.925995
0066955139,199.854004
0066955239,199.800003
0066955339,199.746002
0066955439,199.692001
0066955539,199.638000
0066955640,199.602005
0066955740,199.565994
0066955840,199.529999
0066955940,199.511993
0066956040,199.494003
0066956141,199.494003
0066956241,199.494003
0066956341,199.494003
0066956441,199.494003
0066956541,199.494003
0066956642,199.494003
0066956742,199.494003
0066956842,199.494003
0066956942,199.494003
0066961050,199.494003
0066961151,199.494003
0066961251,199.494003
0066961351,199.494003
0066961451,199.494003
0066961551,199.494003
0066961652,199.494003
0066961752,199.511993
0066961852,199.529999
0066961952,199.565994
0066962052,199.619995
0066962153,199.673996
0066962253,199.727997
0066962353,199.781998
0066962453,199.835999
0066962553,199.889999
0066962654,199.944000
0066962754,199.998001
0066962854,200.052002
0066962954,200.106003
0066963054,200.160004
0066963155,200.214005
0066963255,200.268005
0066963355,200.339996
0066963455,200.393997
0066963555,200.447998
0066963656,200.501999
0066963756,200.556000
0066963856,200.610001
0066963956,200.664001
0066964056,200.735992
0066964156,200.789993
0066964257,200.843994
0066964357,200.897995
0066964457,200.951996
0066964557,201.005997
0066964657,201.059998
0066964758,201.113998
0066964858,201.186005
0066964958,201.240005
0066965058,201.294006
0066965158,201.348007
0066965259,201.401993
0066965359,201.455994
0066965459,201.509995
0066965559,201.563995
0066965659,201.636002
0066965760,201.690002
0066965860,201.744003
0066965960,201.798004
0066966060,201.852005
0066966160,201.906006
0066966261,201.960007
0066966361,202.031998
0066966461,202.085999
0066966561,202.139999
0066966661,202.194000
0066966762,202.248001
0066966862,202.302002
0066966962,202.356003
0066967062,202.410004
0066967162,202.481995
0066967263,202.535995
0066967363,202.589996
0066967463,202.643997
0066967563,202.697998
0066967663,202.751999
0066967764,202.806000
0066967864,202.860001
0066967964,202.914001
0066968064,202.985992
0066968164,203.039993
0066968265,203.093994
0066968365,203.147995
0066968465,203.201996
0066968565,203.255997
0066968665,203.309998
0066968766,203.382004
0066968866,203.436005
0066968966,203.490005
0066969066,203.544006
0066969166,203.598007
0066969267,203.651993
0066969367,203.705994
0066969467,203.778000
0066969567,203.832001
0066969667,203.886002
0066969768,203.940002
0066969868,203.994003
0066969968,204.048004
0066970068,204.102005
0066970168,204.156006
0066970269,204.227997
0066970369,204.281998
0066970469,204.335999
0066970569,204.389999
0066970669,204.444000
0066970770,204.498001
0066970870,204.552002
0066970970,204.606003
0066971070,204.677994
0066971170,204.731995
0066971271,204.785995
0066971371,204.839996
0066971471,204.893997
0066971571,204.947998
0066971671,205.001999
0066971772,205.074005
0066971872,205.128006
0066971972,205.182007
0066972072,205.235992
0066972172,205.289993
0066972273,205.343994
0066972373,205.397995
0066972473,205.451996
0066972573,205.524002
0066972673,205.578003
0066972774,205.632004
0066972874,205.686005
0066972974,205.740005
0066973074,205.794006
0066973174,205.848007
0066973275,205.901993
0066973375,205.973999
0066973475,206.028000
0066973575,206.082001
0066973675,206.136002
0066973776,206.190002
0066973876,206.244003
0066973976,206.298004
0066974076,206.352005
0066974176,206.423996
0066974277,206.477997
0066974377,206.531998
0066974477,206.585999
0066974577,206.639999
0066974677,206.694000
0066974778,206.748001
0066974878,206.820007
0066974978,206.873993
0066975078,206.927994
0066975178,206.981995
0066975279,207.035995
0066975379,207.089996
0066975479,207.143997
0066975579,207.216003
0066975679,207.270004
0066975780,207.324005
0066975880,207.378006
0066975980,207.432007
0066976080,207.485992
0066976180,207.539993
0066976281,207.612000
0066976381,207.666000
0066976481,207.720001
0066976581,207.774002
0066976681,207.828003
0066976782,207.882004
0066976882,207.936005
0066976982,207.990005
0066977082,208.061996
0066977182,208.115997
0066977282,208.169998
0066977383,208.223999
0066977483,208.278000
0066977583,208.332001
0066977683,208.386002
0066977783,208.457993
0066977884,208.511993
0066977984,208.565994
0066978084,208.619995
0066978184,208.673996
0066978284,208.727997
0066978385,208.781998
0066978485,208.835999
0066978585,208.908005
0066978685,208.962006
0066978785,209.016006
0066978886,209.070007
0066978986,209.123993
0066979086,209.177994
0066979186,209.231995
0066979286,209.285995
0066979387,209.358002
0066979487,209.412003
0066979587,209.466003
0066979687,209.520004
0066979787,209.574005
0066979888,209.628006
0066979988,209.682007
0066980088,209.735992
0066980188,209.807999
0066980288,209.862000
0066980389,209.916000
0066980489,209.970001
0066980589,210.024002
0066980689,210.078003
0066980789,210.132004
0066980890,210.203995
0066980990,210.257996
0066981090,210.311996
0066981190,210.365997
0066981290,210.419998
0066981391,210.473999
0066981491,210.528000
0066981591,210.582001
0066981691,210.654007
0066981791,210.707993
0066981892,210.761993
0066981992,210.815994
0066982092,210.869995
0066982192,210.923996
0066982292,210.977997
0066982393,211.050003
0066982493,211.104004
0066982593,211.158005
0066982693,211.212006
0066982793,211.266006
0066982894,211.320007
0066982994,211.373993
0066983094,211.445999
0066983194,211.500000
0066983294,211.554001
0066983395,211.608002
0066983495,211.662003
0066983595,211.716003
0066983695,211.770004
0066983795,211.824005
0066983896,211.895996
0066983996,211.949997
0066984096,212.003998
0066984196,212.057999
0066984296,212.112000
0066984397,212.166000
0066984497,212.220001
0066984597,212.274002
0066984697,212.345993
0066984797,212.399994
0066984898,212.453995
0066984998,212.507996
0066985098,212.561996
0066985198,212.615997
0066985298,212.669998
0066985399,212.723999
0066985499,212.796005
0066985599,212.850006
0066985699,212.904007
0066985799,212.957993
0066985900,213.011993
0066986000,213.065994
0066986100,213.119995
0066986200,213.173996
0066986300,213.246002
0066986401,213.300003
0066986501,213.354004
0066986601,213.408005
0066986701,213.462006
0066986801,213.516006
0066986902,213.570007
0066987002,213.623993
0066987102,213.695999
0066987202,213.750000
0066987302,213.804001
0066987403,213.858002
0066987503,213.912003
0066987603,213.966003
0066987703,214.020004
0066987803,214.091995
0066987904,214.145996
0066988004,214.199997
0066988104,214.253998
0066988204,214.307999
0066988304,214.362000
0066988405,214.416000
0066988505,214.488007
0066988605,214.542007
0066988705,214.595993
0066988805,214.649994
0066988906,214.703995
0066989006,214.757996
0066989106,214.811996
0066989206,214.865997
0066989306,214.938004
0066989407,214.992004
0066989507,215.046005
0066989607,215.100006
0066989707,215.154007
0066989807,215.207993
0066989908,215.261993
0066990008,215.334000
0066990108,215.388000
0066990208,215.442001
0066990308,215.496002
0066990408,215.550003
0066990509,215.604004
0066990609,215.658005
0066990709,215.712006
0066990809,215.783997
0066990909,215.837997
0066991010,215.891998
0066991110,215.945999
0066991210,216.000000
0066991310,216.054001
0066991410,216.108002
0066991511,216.162003
0066991611,216.233994
0066991711,216.287994
0066991811,216.341995
0066991911,216.395996
0066992012,216.449997
0066992112,216.503998
0066992212,216.557999
0066992312,216.612000
0066992412,216.647995
0066992513,216.684006
0066992613,216.720001
0066992713,216.738007
0066992813,216.755997
0066992913,216.755997
0066993014,216.755997
0066993114,216.755997
0066993214,216.755997
0066993314,216.755997
0066993414,216.755997
0066993515,216.755997
0066993615,216.755997
0066993715,216.755997
0067037101,220.535995
0067037201,220.535995
0067037301,220.518005
0067037402,220.481995
0067037502,220.445999
0067037602,220.410004
0067037702,220.356003
0067037802,220.302002
0067037903,220.248001
0067038003,220.194000
0067038103,220.139999
0067038203,220.085999
0067038303,220.031998
0067038404,219.977997
0067038504,219.923996
0067038604,219.869995
0067038704,219.815994
0067038804,219.744003
0067038905,219.690002
0067039005,219.636002
0067039105,219.582001
0067039205,219.528000
0067039305,219.473999
0067039406,219.419998
0067039506,219.365997
0067039606,219.311996
0067039706,219.257996
0067039806,219.186005
0067039907,219.132004
0067040007,219.078003
0067040107,219.024002
0067040207,218.970001
0067040307,218.916000
0067040408,218.862000
0067040508,218.807999
0067040608,218.735992
0067040708,218.682007
0067040808,218.628006
0067040909,218.574005
0067041009,218.520004
0067041109,218.466003
0067041209,218.412003
0067041309,218.358002
0067041410,218.285995
0067041510,218.231995
0067041610,218.177994
0067041710,218.123993
0067041810,218.070007
0067041911,218.016006
0067042011,217.962006
0067042111,217.889999
0067042211,217.835999
0067042311,217.781998
0067042411,217.727997
0067042512,217.673996
0067042612,217.619995
0067042712,217.565994
0067042812,217.511993
0067042912,217.440002
0067043013,217.386002
0067043113,217.332001
0067043213,217.278000
0067043313,217.223999
0067043413,217.169998
0067043514,217.115997
0067043614,217.061996
0067043714,216.990005
0067043814,216.936005
0067043914,216.882004
0067044015,216.828003
0067044115,216.774002
0067044215,216.720001
0067044315,216.666000
0067044415,216.593994
0067044516,216.539993
0067044616,216.485992
0067044716,216.432007
0067044816,216.378006
0067044916,216.324005
0067045017,216.270004
0067045117,216.216003
0067045217,216.143997
0067045317,216.089996
0067045417,216.035995
0067045518,215.981995
0067045618,215.927994
0067045718,215.873993
0067045818,215.820007
0067045918,215.766006
0067046019,215.694000
0067046119,215.639999
0067046219,215.585999
0067046319,215.531998
0067046419,215.477997
0067046520,215.423996
0067046620,215.369995
0067046720,215.315994
0067046820,215.244003
0067046920,215.190002
0067047021,215.136002
0067047121,215.082001
0067047221,215.028000
0067047321,214.973999
0067047421,214.919998
0067047522,214.865997
0067047622,214.794006
0067047722,214.740005
0067047822,214.686005
0067047922,214.632004
0067048023,214.578003
0067048123,214.524002
0067048223,214.470001
0067048323,214.416000
0067048423,214.343994
0067048524,214.289993
0067048624,214.235992
0067048724,214.182007
0067048824,214.128006
0067048924,214.074005
0067049025,214.020004
0067049125,213.947998
0067049225,213.893997
0067049325,213.839996
0067049425,213.785995
0067049526,213.731995
0067049626,213.677994
0067049726,213.623993
0067049826,213.570007
0067049926,213.498001
0067050027,213.444000
0067050127,213.389999
0067050227,213.335999
0067050327,213.281998
0067050427,213.227997
0067050528,213.173996
0067050628,213.102005
0067050728,213.048004
0067050828,212.994003
0067050928,212.940002
0067051029,212.886002
0067051129,212.832001
0067051229,212.778000
0067051329,212.723999
0067051429,212.651993
0067051530,212.598007
0067051630,212.544006
0067051730,212.490005
0067051830,212.436005
0067051930,212.382004
0067052031,212.328003
0067052131,212.274002
0067052231,212.201996
0067052331,212.147995
0067052431,212.093994
0067052532,212.039993
0067052632,211.985992
0067052732,211.932007
0067052832,211.878006
0067052932,211.824005
0067053033,211.770004
0067053133,211.697998
0067053233,211.643997
0067053333,211.589996
0067053433,211.535995
0067053534,211.481995
0067053634,211.427994
0067053734,211.373993
0067053834,211.320007
0067053934,211.248001
0067054035,211.194000
0067054135,211.139999
0067054235,211.085999
0067054335,211.031998
0067054435,210.977997
0067054536,210.923996
0067054636,210.852005
0067054736,210.798004
0067054836,210.744003
0067054936,210.690002
0067055037,210.636002
0067055137,210.582001
0067055237,210.528000
0067055337,210.473999
0067055437,210.401993
0067055537,210.348007
0067055638,210.294006
0067055738,210.240005
0067055838,210.186005
0067055938,210.132004
0067056038,210.078003
0067056139,210.005997
0067056239,209.951996
0067056339,209.897995
0067056439,209.843994
0067056539,209.789993
0067056640,209.735992
0067056740,209.682007
0067056840,209.610001
0067056940,209.556000
0067057040,209.501999
0067057141,209.447998
0067057241,209.393997
0067057341,209.339996
0067057441,209.285995
0067057541,209.231995
0067057642,209.160004
0067057742,209.106003
0067057842,209.052002
0067057942,208.998001
0067058042,208.944000
0067058143,208.889999
0067058243,208.835999
0067058343,208.781998
0067058443,208.710007
0067058543,208.656006
0067058644,208.602005
0067058744,208.548004
0067058844,208.494003
0067058944,208.440002
0067059044,208.386002
0067059145,208.332001
0067059245,208.278000
0067059345,208.205994
0067059445,208.151993
0067059545,208.098007
0067059646,208.044006
0067059746,207.990005
0067059846,207.936005
0067059946,207.882004
0067060046,207.828003
0067060147,207.755997
0067060247,207.701996
0067060347,207.647995
0067060447,207.593994
0067060547,207.539993
0067060648,207.485992
0067060748,207.432007
0067060848,207.378006
0067060948,207.324005
0067061048,207.251999
0067061149,207.197998
0067061249,207.143997
0067061349,207.089996
0067061449,207.035995
0067061549,206.981995
0067061650,206.910004
0067061750,206.856003
0067061850,206.802002
0067061950,206.748001
0067062050,206.694000
0067062151,206.639999
0067062251,206.585999
0067062351,206.531998
0067062451,206.460007
0067062551,206.406006
0067062652,206.352005
0067062752,206.298004
0067062852,206.244003
0067062952,206.190002
0067063052,206.136002
0067063153,206.082001
0067063253,206.009995
0067063353,205.955994
0067063453,205.901993
0067063553,205.848007
0067063654,205.794006
0067063754,205.740005
0067063854,205.686005
0067063954,205.613998
0067064054,205.559998
0067064155,205.505997
0067064255,205.451996
0067064355,205.397995
0067064455,205.343994
0067064555,205.289993
0067064656,205.235992
0067064756,205.164001
0067064856,205.110001
0067064956,205.056000
0067065056,205.001999
0067065157,204.947998
0067065257,204.893997
0067065357,204.839996
0067065457,204.785995
0067065557,204.731995
0067065658,204.660004
0067065758,204.606003
0067065858,204.552002
0067065958,204.498001
0067066058,204.444000
0067066159,204.389999
0067066259,204.335999
0067066359,204.281998
0067066459,204.210007
0067066559,204.156006
0067066660,204.102005
0067066760,204.048004
0067066860,203.994003
0067066960,203.940002
0067067060,203.886002
0067067161,203.832001
0067067261,203.759995
0067067361,203.705994
0067067461,203.651993
0067067561,203.598007
0067067662,203.544006
0067067762,203.490005
0067067862,203.436005
0067067962,203.363998
0067068062,203.309998
0067068163,203.255997
0067068263,203.201996
0067068363,203.147995
0067068463,203.093994
0067068563,203.039993
0067068663,202.985992
0067068764,202.914001
0067068864,202.860001
0067068964,202.806000
0067069064,202.751999
0067069164,202.697998
0067069265,202.643997
0067069365,202.589996
0067069465,202.518005
0067069565,202.464005
0067069665,202.410004
0067069766,202.356003
0067069866,202.302002
0067069966,202.248001
0067070066,202.194000
0067070166,202.139999
0067070267,202.067993
0067070367,202.014008
0067070467,201.960007
0067070567,201.906006
0067070667,201.852005
0067070768,201.798004
0067070868,201.744003
0067070968,201.690002
0067071068,201.617996
0067071168,201.563995
0067071269,201.509995
0067071369,201.455994
0067071469,201.401993
0067071569,201.348007
0067071669,201.294006
0067071770,201.240005
0067071870,201.167999
0067071970,201.113998
0067072070,201.059998
0067072170,201.005997
0067072271,200.951996
0067072371,200.897995
0067072471,200.843994
0067072571,200.789993
0067072671,200.718002
0067072772,200.664001
0067072872,200.610001
0067072972,200.556000
0067073072,200.501999
0067073172,200.447998
0067073273,200.393997
0067073373,200.339996
0067073473,200.268005
0067073573,200.214005
0067073673,200.160004
0067073774,200.106003
0067073874,200.052002
0067073974,199.998001
0067074074,199.944000
0067074174,199.871994
0067074275,199.817993
0067074375,199.764008
0067074475,199.710007
0067074575,199.656006
0067074675,199.619995
0067074776,199.584000
0067074876,199.548004
0067074976,199.529999
0067075076,199.494003
0067075176,199.494003
0067075277,199.494003
0067075377,199.494003
0067075477,199.494003
0067075577,199.494003
0067075677,199.494003
0067075778,199.494003
0067075878,199.494003
0067075978,199.494003
0067080086,199.494003
0067080186,199.494003
0067080287,199.494003
0067080387,199.494003
0067080487,199.494003
0067080587,199.494003
0067080687,199.494003
0067080788,199.511993
0067080888,199.529999
0067080988,199.565994
0067081088,199.602005
0067081188,199.656006
0067081289,199.710007
0067081389,199.764008
0067081489,199.817993
0067081589,199.871994
0067081689,199.925995
0067081789,199.979996
0067081890,200.033997
0067081990,200.087997
0067082090,200.141998
0067082190,200.195999
0067082290,200.250000
0067082391,200.304001
0067082491,200.376007
0067082591,200.429993
0067082691,200.483994
0067082791,200.537994
0067082892,200.591995
0067082992,200.645996
0067083092,200.699997
0067083192,200.772003
0067083292,200.826004
0067083393,200.880005
0067083493,200.934006
0067083593,200.988007
0067083693,201.042007
0067083793,201.095993
0067083894,201.149994
0067083994,201.222000
0067084094,201.276001
0067084194,201.330002
0067084294,201.384003
0067084395,201.438004
0067084495,201.492004
0067084595,201.546005
0067084695,201.617996
0067084795,201.671997
0067084896,201.725998
0067084996,201.779999
0067085096,201.834000
0067085196,201.888000
0067085296,201.942001
0067085397,201.996002
0067085497,202.067993
0067085597,202.121994
0067085697,202.175995
0067085797,202.229996
0067085898,202.283997
0067085998,202.337997
0067086098,202.391998
0067086198,202.445999
0067086298,202.518005
0067086399,202.572006
0067086499,202.626007
0067086599,202.679993
0067086699,202.733994
0067086799,202.787994
0067086900,202.841995
0067087000,202.895996
0067087100,202.968002
0067087200,203.022003
0067087300,203.076004
0067087401,203.130005
0067087501,203.184006
0067087601,203.238007
0067087701,203.292007
0067087801,203.345993
0067087902,203.417999
0067088002,203.472000
0067088102,203.526001
0067088202,203.580002
0067088302,203.634003
0067088403,203.688004
0067088503,203.742004
0067088603,203.813995
0067088703,203.867996
0067088803,203.921997
0067088904,203.975998
0067089004,204.029999
0067089104,204.084000
0067089204,204.138000
0067089304,204.210007
0067089405,204.264008
0067089505,204.317993
0067089605,204.371994
0067089705,204.425995
0067089805,204.479996
0067089906,204.533997
0067090006,204.587997
0067090106,204.660004
0067090206,204.714005
0067090306,204.768005
0067090407,204.822006
0067090507,204.876007
0067090607,204.929993
0067090707,204.983994
0067090807,205.037994
0067090908,205.110001
0067091008,205.164001
0067091108,205.218002
0067091208,205.272003
0067091308,205.326004
0067091409,205.380005
0067091509,205.434006
0067091609,205.505997
0067091709,205.559998
0067091809,205.613998
0067091910,205.667999
0067092010,205.722000
0067092110,205.776001
0067092210,205.830002
0067092310,205.884003
0067092411,205.938004
0067092511,206.009995
0067092611,206.063995
0067092711,206.117996
0067092811,206.171997
0067092912,206.225998
0067093012,206.279999
0067093112,206.334000
0067093212,206.388000
0067093312,206.460007
0067093413,206.514008
0067093513,206.567993
0067093613,206.621994
0067093713,206.675995
0067093813,206.729996
0067093914,206.802002
0067094014,206.856003
0067094114,206.910004
0067094214,206.964005
0067094314,207.018005
0067094415,207.072006
0067094515,207.126007
0067094615,207.179993
0067094715,207.251999
0067094815,207.306000
0067094915,207.360001
0067095016,207.414001
0067095116,207.468002
0067095216,207.522003
0067095316,207.576004
0067095416,207.647995
0067095517,207.701996
0067095617,207.755997
0067095717,207.809998
0067095817,207.863998
0067095917,207.917999
0067096018,207.972000
0067096118,208.044006
0067096218,208.098007
0067096318,208.151993
0067096418,208.205994
0067096519,208.259995
0067096619,208.313995
0067096719,208.367996
0067096819,208.421997
0067096919,208.494003
0067097020,208.548004
0067097120,208.602005
0067097220,208.656006
0067097320,208.710007
0067097420,208.764008
0067097521,208.817993
0067097621,208.871994
0067097721,208.944000
0067097821,208.998001
0067097921,209.052002
0067098022,209.106003
0067098122,209.160004
0067098222,209.214005
0067098322,209.268005
0067098422,209.322006
0067098523,209.393997
0067098623,209.447998
0067098723,209.501999
0067098823,209.556000
0067098923,209.610001
0067099024,209.664001
0067099124,209.718002
0067099224,209.772003
0067099324,209.843994
0067099424,209.897995
0067099525,209.951996
0067099625,210.005997
0067099725,210.059998
0067099825,210.113998
0067099925,210.167999
0067100026,210.240005
0067100126,210.294006
0067100226,210.348007
0067100326,210.401993
0067100426,210.455994
0067100527,210.509995
0067100627,210.563995
0067100727,210.636002
0067100827,210.690002
0067100927,210.744003
0067101028,210.798004
0067101128,210.852005
0067101228,210.906006
0067101328,210.960007
0067101428,211.014008
0067101529,211.085999
0067101629,211.139999
0067101729,211.194000
0067101829,211.248001
0067101929,211.302002
0067102030,211.356003
0067102130,211.410004
0067102230,211.481995
0067102330,211.535995
0067102430,211.589996
0067102531,211.643997
0067102631,211.697998
0067102731,211.751999
0067102831,211.806000
0067102931,211.860001
0067103032,211.932007
0067103132,211.985992
0067103232,212.039993
0067103332,212.093994
0067103432,212.147995
0067103533,212.201996
0067103633,212.255997
0067103733,212.309998
0067103833,212.382004
0067103933,212.436005
0067104034,212.490005
0067104134,212.544006
0067104234,212.598007
0067104334,212.651993
0067104434,212.705994
0067104535,212.759995
0067104635,212.832001
0067104735,212.886002
0067104835,212.940002
0067104935,212.994003
0067105036,213.048004
0067105136,213.102005
0067105236,213.156006
0067105336,213.210007
0067105436,213.281998
0067105537,213.335999
0067105637,213.389999
0067105737,213.444000
0067105837,213.498001
0067105937,213.552002
0067106038,213.606003
0067106138,213.660004
0067106238,213.731995
0067106338,213.785995
0067106438,213.839996
0067106539,213.893997
0067106639,213.947998
0067106739,214.001999
0067106839,214.056000
0067106939,214.128006
0067107040,214.182007
0067107140,214.235992
0067107240,214.289993
0067107340,214.343994
0067107440,214.397995
0067107541,214.451996
0067107641,214.524002
0067107741,214.578003
0067107841,214.632004
0067107941,214.686005
0067108041,214.740005
0067108142,214.794006
0067108242,214.848007
0067108342,214.901993
0067108442,214.973999
0067108542,215.028000
0067108643,215.082001
0067108743,215.136002
0067108843,215.190002
0067108943,215.244003
0067109043,215.298004
0067109144,215.369995
0067109244,215.423996
0067109344,215.477997
0067109444,215.531998
0067109544,215.585999
0067109645,215.639999
0067109745,215.694000
0067109845,215.748001
0067109945,215.820007
0067110045,215.873993
0067110146,215.927994
0067110246,215.981995
0067110346,216.035995
0067110446,216.089996