0242343112,-2.880000
0242343212,-2.736000
0242343312,-2.592000
0242343412,-2.466000
0242343512,-2.322000
0242343612,-2.178000
0242343712,-2.052000
0242343812,-1.908000
0242343912,-1.764000
0242344012,-1.620000
0242344112,-1.476000
0242344212,-1.332000
0242344312,-1.188000
0242344412,-1.044000
0242344512,-0.918000
0242344612,-0.774000
0242344712,-0.630000
0242344812,-0.486000
0242344912,-0.342000
0242345012,-0.216000
0242345112,-0.072000
0242345212,0.072000
0242345312,0.216000
0242345412,0.342000
0242345512,0.486000
0242345612,0.630000
0242345712,0.720000
0242345812,0.774000
0242345912,0.774000
0242346012,0.774000
0242346112,0.774000
0242346212,0.792000
0242346312,0.864000
0242346412,0.972000
0242346512,1.062000
0242346612,1.170000
0242346712,1.278000
0242346812,1.386000
0242346912,1.494000
0242347012,1.602000
0242347112,1.692000
0242347212,1.800000
0242347312,1.908000
0242347412,2.016000
0242347512,2.124000
0242347612,2.232000
0242347712,2.340000
0242347812,2.448000
0242347912,2.556000
0242348012,2.646000
0242348112,2.754000
0242348212,2.808000
0242348312,2.826000
0242348412,2.826000
0242348512,2.826000
0242348612,2.826000
0242348712,2.826000
0242348812,2.826000
0242348912,2.826000
0242349012,2.826000
0242349112,2.826000
0242349212,2.826000
0242349312,2.826000
0242349412,2.826000
0242349512,2.826000
0242349612,2.826000
0242349712,2.826000
0242349812,2.826000
0242349912,2.826000
0242350012,2.826000
0242350112,2.826000
0242350212,2.826000
0242350312,2.826000
0242350412,2.826000
0242350512,2.826000
0242350612,2.826000
0242350712,2.826000
0242350812,2.826000
0242350912,2.826000
0242351012,2.826000
0242351112,2.826000
0242351212,2.826000
0242351312,2.826000
0242351412,2.808000
0242351512,2.808000
0242351612,2.808000
0242351712,2.808000
0242351812,2.808000
0242351912,2.808000
0242352012,2.808000
0242352112,2.790000
0242352212,2.790000
0242352312,2.790000
0242352412,2.790000
0242352512,2.790000
0242352612,2.772000
0242352712,2.772000
0242352812,2.772000
0242352912,2.772000
0242353012,2.754000
0242353112,2.754000
0242353212,2.754000
0242353312,2.754000
0242353412,2.736000
0242353512,2.736000
0242353612,2.736000
0242353712,2.718000
0242353812,2.718000
0242353912,2.718000
0242354012,2.700000
0242354112,2.700000
0242354212,2.700000
0242354312,2.700000
0242354412,2.682000
0242354512,2.682000
0242354612,2.664000
0242354712,2.664000
0242354812,2.664000
0242354912,2.646000
0242355012,2.646000
0242355112,2.646000
0242355212,2.628000
0242355312,2.628000
0242355412,2.610000
0242355512,2.610000
0242355612,2.610000
0242355712,2.592000
0242355812,2.592000
0242355912,2.592000
0242356012,2.574000
0242356112,2.574000
0242356212,2.556000
0242356312,2.556000
0242356412,2.556000
0242356512,2.538000
0242356612,2.538000
0242356712,2.538000
0242356812,2.520000
0242356912,2.520000
0242357012,2.502000
0242357112,2.502000
0242357212,2.502000
0242357312,2.484000
0242357412,2.484000
0242357512,2.484000
0242357612,2.466000
0242357712,2.466000
0242357812,2.448000
0242357912,2.448000
0242358012,2.448000
0242358112,2.430000
0242358212,2.430000
0242358312,2.430000
0242358412,2.412000
0242358512,2.412000
0242358612,2.394000
0242358712,2.394000
0242358812,2.394000
0242358912,2.376000
0242359012,2.376000
0242359112,2.358000
0242359212,2.358000
0242359312,2.358000
0242359412,2.340000
0242359512,2.340000
0242359612,2.322000
0242359712,2.322000
0242359812,2.322000
0242359912,2.304000
0242360012,2.304000
0242360112,2.304000
0242360212,2.286000
0242360312,2.286000
0242360412,2.268000
0242360512,2.268000
0242360612,2.268000
0242360712,2.250000
0242360812,2.250000
0242360912,2.250000
0242361012,2.232000
0242361112,2.232000
0242361212,2.214000
0242361312,2.214000
0242361412,2.214000
0242361512,2.196000
0242361612,2.196000
0242361712,2.178000
0242361812,2.178000
0242361912,2.178000
0242362012,2.160000
0242362112,2.160000
0242362212,2.160000
0242362312,2.142000
0242362412,2.142000
0242362512,2.124000
0242362612,2.124000
0242362712,2.124000
0242362812,2.106000
0242362912,2.106000
0242363012,2.088000
0242363112,2.088000
0242363212,2.088000
0242363312,2.070000
0242363412,2.070000
0242363512,2.052000
0242363612,2.052000
0242363712,2.052000
0242363812,2.034000
0242363912,2.034000
0242364012,2.034000
0242364112,2.016000
0242364212,2.016000
0242364312,1.998000
0242364412,1.998000
0242364512,1.998000
0242364612,1.980000
0242364712,1.980000
0242364812,1.962000
0242364912,1.962000
0242365012,1.962000
0242365112,1.944000
0242365212,1.944000
0242365312,1.926000
0242365412,1.926000
0242365512,1.926000
0242365612,1.908000
0242365712,1.908000
0242365812,1.890000
0242365912,1.890000
0242366012,1.890000
0242366112,1.872000
0242366212,1.872000
0242366312,1.872000
0242366412,1.854000
0242366512,1.854000
0242366612,1.836000
0242366712,1.836000
0242366812,1.836000
0242366912,1.818000
0242367012,1.818000
0242367112,1.800000
0242367212,1.800000
0242367312,1.800000
0242367412,1.782000
0242367512,1.782000
0242367612,1.782000
0242367712,1.764000
0242367812,1.764000
0242367912,1.746000
0242368012,1.746000
0242368112,1.746000
0242368212,1.728000
0242368312,1.728000
0242368412,1.710000
0242368512,1.710000
0242368612,1.710000
0242368712,1.692000
0242368812,1.692000
0242368912,1.674000
0242369012,1.674000
0242369112,1.674000
0242369212,1.656000
0242369312,1.656000
0242369412,1.638000
0242369512,1.638000
0242369612,1.638000
0242369712,1.620000
0242369812,1.620000
0242369912,1.620000
0242370012,1.602000
0242370112,1.602000
0242370212,1.584000
0242370312,1.584000
0242370412,1.584000
0242370512,1.566000
0242370612,1.566000
0242370712,1.566000
0242370812,1.566000
0242370912,1.566000
0242371012,1.566000
0242371112,1.566000
0242371212,1.566000
0242371312,1.566000
0242371412,1.566000
0242371512,1.566000
0242371612,1.566000
0242371712,1.566000
0242371812,1.566000
0242371912,1.566000
0242372012,1.566000
0242372112,1.566000
0242372212,1.566000
0242372312,1.566000
0242372412,1.566000
0242372512,1.566000
0242372612,1.566000
0242372712,1.566000
0242372812,1.566000
0242372912,1.566000
0242373012,1.566000
0242373112,1.566000
0242373212,1.566000
0242373312,1.566000
0242373412,1.566000
0242373512,1.566000
0242373612,1.566000
0242373712,1.566000
0242373812,1.566000
0242373912,1.566000
0242374012,1.566000
0242374112,1.566000
0242374212,1.566000
0242374312,1.566000
0242374412,1.566000
0242374512,1.566000
0242374612,1.566000
0242374712,1.566000
0242374812,1.566000
0242374912,1.566000
0242375012,1.566000
0242375112,1.566000
0242375212,1.566000
0242375312,1.566000
0242375412,1.566000
0242375512,1.566000
0242375612,1.566000
0242375712,1.566000
0242375812,1.566000
0242375912,1.566000
0242376012,1.566000
0242376112,1.566000
0242376212,1.566000
0242376312,1.566000
0242376412,1.566000
0242376512,1.566000
0242376612,1.566000
0242376712,1.566000
0242376812,1.566000
0242376912,1.566000
0242377012,1.566000
0242377112,1.566000
0242377212,1.566000
0242377312,1.566000
0242377412,1.566000
0242377512,1.566000
0242377612,1.566000
0242377712,1.566000
0242377812,1.566000
0242377912,1.566000
0242378012,1.566000
0242378112,1.512000
0242378212,1.440000
0242378312,1.296000
0242378412,1.170000
0242378512,1.026000
0242378612,0.882000
0242378712,0.756000
0242378812,0.612000
0242378912,0.468000
0242379012,0.324000
0242379112,0.180000
0242379212,0.054000
0242379312,-0.090000
0242379412,-0.234000
0242379512,-0.378000
0242379612,-0.522000
0242379712,-0.648000
0242379812,-0.792000
0242379912,-0.936000
0242380012,-1.080000
0242380112,-1.224000
0242380212,-1.350000
0242380312,-1.494000
0242380412,-1.638000
0242380512,-1.782000
0242380612,-1.926000
0242380712,-2.070000
0242380812,-2.196000
0242380912,-2.340000
0242381012,-2.484000
0242381112,-2.628000
0242381212,-2.772000
0242381312,-2.898000
0242381412,-3.006000
0242381512,-3.078000
0242381612,-3.114000
0242381712,-3.114000
0242381812,-3.096000
0242381912,-3.096000
0242382012,-3.024000
0242382112,-2.916000
0242382212,-2.790000
0242382312,-2.664000
0242382412,-2.520000
0242382512,-2.376000
0242382612,-2.250000
0242382712,-2.106000
0242382812,-1.962000
0242382912,-1.818000
0242383012,-1.692000
0242383112,-1.602000
0242383212,-1.548000
0242383312,-1.530000
0242383412,-1.530000
0242383512,-1.530000
0242383612,-1.548000
0242383712,-1.620000
0242383812,-1.746000
0242383912,-1.872000
0242384012,-2.016000
0242384112,-2.160000
0242384212,-2.286000
0242384312,-2.430000
0242384412,-2.574000
0242384512,-2.718000
0242384612,-2.844000
0242384712,-2.988000
0242384812,-3.132000
0242384912,-3.276000
0242385012,-3.420000
0242385112,-3.546000
0242385212,-3.690000
0242385312,-3.834000
0242385412,-3.978000
0242385512,-4.122000
0242385612,-4.248000
0242385712,-4.392000
0242385812,-4.536000
0242385912,-4.680000
0242386012,-4.824000
0242386112,-4.968000
0242386212,-5.094000
0242386312,-5.238000
0242386412,-5.382000
0242386512,-5.526000
0242386612,-5.670000
0242386712,-5.796000
0242386812,-5.940000
0242386912,-6.084000
0242387012,-6.228000
0242387112,-6.372000
0242387212,-6.498000
0242387312,-6.642000
0242387412,-6.786000
0242387512,-6.930000
0242387612,-7.056000
0242387712,-7.200000
0242387812,-7.344000
0242387912,-7.488000
0242388012,-7.632000
0242388112,-7.758000
0242388212,-7.902000
0242388312,-8.046000
0242388412,-8.190000
0242388512,-8.316000
0242388612,-8.406000
0242388712,-8.442000
0242388812,-8.442000
0242388912,-8.442000
0242389012,-8.442000
0242389112,-8.442000
0242389212,-8.442000
0242389312,-8.442000
0242389412,-8.442000
0242389512,-8.442000
0242389612,-8.442000
0242389712,-8.460000
0242389812,-8.532000
0242389912,-8.622000
0242390012,-8.766000
0242390112,-8.910000
0242390212,-9.054000
0242390312,-9.180000
0242390412,-9.324000
0242390512,-9.468000
0242390612,-9.612000
0242390712,-9.756000
0242390812,-9.900000
0242390912,-10.026000
0242391012,-10.170000
0242391112,-10.314000
0242391212,-10.440000
0242391312,-10.584000
0242391412,-10.728000
0242391512,-10.872000
0242391612,-11.016000
0242391712,-11.142000
0242391812,-11.286000
0242391912,-11.430000
0242392012,-11.574000
0242392112,-11.718000
0242392212,-11.844000
0242392312,-11.988000
0242392412,-12.132000
0242392512,-12.276000
0242392612,-12.420000
0242392712,-12.564000
0242392812,-12.690000
0242392912,-12.834000
0242393012,-12.978000
0242393112,-13.122000
0242393212,-13.266000
0242393312,-13.392000
0242393412,-13.536000
0242393512,-13.680000
0242393612,-13.824000
0242393712,-13.968000
0242393812,-14.094000
0242393912,-14.238000
0242394012,-14.382000
0242394112,-14.526000
0242394212,-14.670000
0242394312,-14.796000
0242394412,-14.940000
0242394512,-15.084000
0242394612,-15.228000
0242394712,-15.354000
0242394812,-15.426000
0242394912,-15.462000
0242395012,-15.480000
0242395112,-15.480000
0242395212,-15.480000
0242395312,-15.480000
0242395412,-15.480000
0242395512,-15.480000
0242395612,-15.480000
0242395712,-15.480000
0242395812,-15.480000
0242395912,-15.480000
0242396012,-15.480000
0242396112,-15.480000
0242396212,-15.480000
0242396312,-15.480000
0242396412,-15.498000
0242396512,-15.570000
0242396612,-15.696000
0242396712,-15.822000
0242396812,-15.966000
0242396912,-16.110001
0242397012,-16.254000
0242397112,-16.398001
0242397212,-16.524000
0242397312,-16.667999
0242397412,-16.812000
0242397512,-16.955999
0242397612,-17.100000
0242397712,-17.226000
0242397812,-17.370001
0242397912,-17.514000
0242398012,-17.658001
0242398112,-17.802000
0242398212,-17.927999
0242398312,-18.072001
0242398412,-18.216000
0242398512,-18.360001
0242398612,-18.504000
0242398712,-18.629999
0242398812,-18.774000
0242398912,-18.917999
0242399012,-19.062000
0242399112,-19.205999
0242399212,-19.350000
0242399312,-19.476000
0242399412,-19.620001
0242399512,-19.764000
0242399612,-19.908001
0242399712,-20.052000
0242399812,-20.177999
0242399912,-20.322001
0242400012,-20.466000
0242400112,-20.610001
0242400212,-20.754000
0242400312,-20.898001
0242400412,-21.024000
0242400512,-21.167999
0242400612,-21.312000
0242400712,-21.438000
0242400812,-21.582001
0242400912,-21.726000
0242401012,-21.870001
0242401112,-22.014000
0242401212,-22.139999
0242401312,-22.284000
0242401412,-22.392000
0242401512,-22.464001
0242401612,-22.500000
0242401712,-22.500000
0242401812,-22.500000
0242401912,-22.500000
0242402012,-22.500000
0242402112,-22.500000
0242402212,-22.500000
0242402312,-22.500000
0242402412,-22.500000
0242402512,-22.500000
0242402612,-22.500000
0242402712,-22.500000
0242402812,-22.500000
0242402912,-22.500000
0242403012,-22.500000
0242403112,-22.535999
0242403212,-22.625999
0242403312,-22.752001
0242403412,-22.896000
0242403512,-23.040001
0242403612,-23.184000
0242403712,-23.309999
0242403812,-23.454000
0242403912,-23.598000
0242404012,-23.742001
0242404112,-23.886000
0242404212,-24.011999
0242404312,-24.156000
0242404412,-24.299999
0242404512,-24.444000
0242404612,-24.570000
0242404712,-24.714001
0242404812,-24.858000
0242404912,-25.002001
0242405012,-25.146000
0242405112,-25.271999
0242405212,-25.416000
0242405312,-25.559999
0242405412,-25.704000
0242405512,-25.848000
0242405612,-25.974001
0242405712,-26.118000
0242405812,-26.261999
0242405912,-26.406000
0242406012,-26.549999
0242406112,-26.694000
0242406212,-26.820000
0242406312,-26.964001
0242406412,-27.108000
0242406512,-27.252001
0242406612,-27.396000
0242406712,-27.521999
0242406812,-27.666000
0242406912,-27.809999
0242407012,-27.954000
0242407112,-28.098000
0242407212,-28.224001
0242407312,-28.368000
0242407412,-28.511999
0242407512,-28.656000
0242407612,-28.799999
0242407712,-28.926001
0242407812,-29.070000
0242407912,-29.214001
0242408012,-29.340000
0242408112,-29.448000
0242408212,-29.502001
0242408312,-29.520000
0242408412,-29.520000
0242408512,-29.520000
0242408612,-29.520000
0242408712,-29.520000
0242408812,-29.520000
0242408912,-29.520000
0242409012,-29.520000
0242409112,-29.520000
0242409212,-29.520000
0242409312,-29.520000
0242409412,-29.520000
0242409512,-29.520000
0242409612,-29.520000
0242409712,-29.520000
0242409812,-29.520000
0242409912,-29.520000
0242410012,-29.502001
0242410112,-29.412001
0242410212,-29.285999
0242410312,-29.142000
0242410412,-29.016001
0242410512,-28.889999
0242410612,-28.746000
0242410712,-28.601999
0242410812,-28.458000
0242410912,-28.313999
0242411012,-28.188000
0242411112,-28.044001
0242411212,-27.900000
0242411312,-27.756001
0242411412,-27.612000
0242411512,-27.468000
0242411612,-27.341999
0242411712,-27.198000
0242411812,-27.054001
0242411912,-26.910000
0242412012,-26.766001
0242412112,-26.639999
0242412212,-26.496000
0242412312,-26.351999
0242412412,-26.208000
0242412512,-26.063999
0242412612,-25.920000
0242412712,-25.794001
0242412812,-25.650000
0242412912,-25.506001
0242413012,-25.362000
0242413112,-25.218000
0242413212,-25.091999
0242413312,-24.948000
0242413412,-24.804001
0242413512,-24.660000
0242413612,-24.516001
0242413712,-24.389999
0242413812,-24.246000
0242413912,-24.101999
0242414012,-23.958000
0242414112,-23.813999
0242414212,-23.688000
0242414312,-23.544001
0242414412,-23.400000
0242414512,-23.256001
0242414612,-23.112000
0242414712,-22.986000
0242414812,-22.896000
0242414912,-22.860001
0242415012,-22.860001
0242415112,-22.841999
0242415212,-22.841999
0242415312,-22.841999
0242415412,-22.841999
0242415512,-22.841999
0242415612,-22.841999
0242415712,-22.841999
0242415812,-22.841999
0242415912,-22.841999
0242416012,-22.841999
0242416112,-22.841999
0242416212,-22.841999
0242416312,-22.841999
0242416412,-22.823999
0242416512,-22.752001
0242416612,-22.643999
0242416712,-22.518000
0242416812,-22.374001
0242416912,-22.230000
0242417012,-22.086000
0242417112,-21.941999
0242417212,-21.798000
0242417312,-21.672001
0242417412,-21.528000
0242417512,-21.384001
0242417612,-21.240000
0242417712,-21.096001
0242417812,-20.969999
0242417912,-20.826000
0242418012,-20.681999
0242418112,-20.538000
0242418212,-20.393999
0242418312,-20.268000
0242418412,-20.124001
0242418512,-19.980000
0242418612,-19.836000
0242418712,-19.709999
0242418812,-19.566000
0242418912,-19.422001
0242419012,-19.278000
0242419112,-19.134001
0242419212,-18.990000
0242419312,-18.846001
0242419412,-18.719999
0242419512,-18.576000
0242419612,-18.431999
0242419712,-18.288000
0242419812,-18.143999
0242419912,-18.000000
0242420012,-17.874001
0242420112,-17.730000
0242420212,-17.586000
0242420312,-17.441999
0242420412,-17.298000
0242420512,-17.172001
0242420612,-17.028000
0242420712,-16.884001
0242420812,-16.740000
0242420912,-16.596001
0242421012,-16.469999
0242421112,-16.326000
0242421212,-16.181999
0242421312,-16.038000
0242421412,-15.930000
0242421512,-15.858000
0242421612,-15.822000
0242421712,-15.822000
0242421812,-15.822000
0242421912,-15.822000
0242422012,-15.822000
0242422112,-15.822000
0242422212,-15.822000
0242422312,-15.822000
0242422412,-15.822000
0242422512,-15.822000
0242422612,-15.822000
0242422712,-15.822000
0242422812,-15.804000
0242422912,-15.804000
0242423012,-15.804000
0242423112,-15.768000
0242423212,-15.696000
0242423312,-15.570000
0242423412,-15.426000
0242423512,-15.282000
0242423612,-15.156000
0242423712,-15.012000
0242423812,-14.868000
0242423912,-14.724000
0242424012,-14.580000
0242424112,-14.454000
0242424212,-14.310000
0242424312,-14.166000
0242424412,-14.022000
0242424512,-13.878000
0242424612,-13.752000
0242424712,-13.608000
0242424812,-13.464000
0242424912,-13.320000
0242425012,-13.176000
0242425112,-13.050000
0242425212,-12.906000
0242425312,-12.762000
0242425412,-12.618000
0242425512,-12.492000
0242425612,-12.330000
0242425712,-12.204000
0242425812,-12.060000
0242425912,-11.916000
0242426012,-11.772000
0242426112,-11.628000
0242426212,-11.502000
0242426312,-11.358000
0242426412,-11.214000
0242426512,-11.070000
0242426612,-10.926000
0242426712,-10.782000
0242426812,-10.656000
0242426912,-10.512000
0242427012,-10.368000
0242427112,-10.224000
0242427212,-10.080000
0242427312,-9.954000
0242427412,-9.810000
0242427512,-9.666000
0242427612,-9.540000
0242427712,-9.378000
0242427812,-9.252000
0242427912,-9.108000
0242428012,-8.964000
0242428112,-8.874000
0242428212,-8.802000
0242428312,-8.784000
0242428412,-8.784000
0242428512,-8.784000
0242428612,-8.784000
0242428712,-8.784000
0242428812,-8.784000
0242428912,-8.784000
0242429012,-8.784000
0242429112,-8.784000
0242429212,-8.784000
0242429312,-8.784000
0242429412,-8.784000
0242429512,-8.784000
0242429612,-8.784000
0242429712,-8.784000
0242429812,-8.730000
0242429912,-8.640000
0242430012,-8.496000
0242430112,-8.370000
0242430212,-8.226000
0242430312,-8.082000
0242430412,-7.938000
0242430512,-7.794000
0242430612,-7.650000
0242430712,-7.524000
0242430812,-7.380000
0242430912,-7.236000
0242431012,-7.092000
0242431112,-6.948000
0242431212,-6.822000
0242431312,-6.678000
0242431412,-6.534000
0242431512,-6.390000
0242431612,-6.246000
0242431712,-6.120000
0242431812,-5.976000
0242431912,-5.832000
0242432012,-5.688000
0242432112,-5.562000
0242432212,-5.418000
0242432312,-5.274000
0242432412,-5.130000
0242432512,-4.986000
0242432612,-4.842000
0242432712,-4.698000
0242432812,-4.572000
0242432912,-4.428000
0242433012,-4.284000
0242433112,-4.140000
0242433212,-3.996000
0242433312,-3.870000
0242433412,-3.726000
0242433512,-3.582000
0242433612,-3.456000
0242433712,-3.312000
0242433812,-3.168000
0242433912,-3.024000
0242434012,-2.880000
0242434112,-2.736000
0242434212,-2.610000
0242434312,-2.466000
0242434412,-2.322000
0242434512,-2.178000
0242434612,-2.034000
0242434712,-1.908000
0242434812,-1.818000
0242434912,-1.764000
0242435012,-1.764000
0242435112,-1.764000
0242435212,-1.764000
0242435312,-1.764000
0242435412,-1.764000
0242435512,-1.764000
0242435612,-1.764000
0242435712,-1.764000
0242435812,-1.764000
0242435912,-1.764000
0242436012,-1.764000
0242436112,-1.764000
0242436212,-1.764000
0242436312,-1.764000
0242436412,-1.764000
0242436512,-1.764000
0242436612,-1.764000
0242436712,-1.800000
0242436812,-1.908000
0242436912,-2.034000
0242437012,-2.160000
0242437112,-2.304000
0242437212,-2.448000
0242437312,-2.574000
0242437412,-2.718000
0242437512,-2.862000
0242437612,-3.006000
0242437712,-3.150000
0242437812,-3.276000
0242437912,-3.420000
0242438012,-3.564000
0242438112,-3.708000
0242438212,-3.852000
0242438312,-3.978000
0242438412,-4.122000
0242438512,-4.266000
0242438612,-4.410000
0242438712,-4.554000
0242438812,-4.680000
0242438912,-4.824000
0242439012,-4.968000
0242439112,-5.112000
0242439212,-5.256000
0242439312,-5.400000
0242439412,-5.526000
0242439512,-5.670000
0242439612,-5.814000
0242439712,-5.958000
0242439812,-6.102000
0242439912,-6.228000
0242440012,-6.372000
0242440112,-6.516000
0242440212,-6.660000
0242440312,-6.804000
0242440412,-6.930000
0242440512,-7.074000
0242440612,-7.218000
0242440712,-7.344000
0242440812,-7.488000
0242440912,-7.632000
0242441012,-7.776000
0242441112,-7.920000
0242441212,-8.064000
0242441312,-8.190000
0242441412,-8.316000
0242441512,-8.406000
0242441612,-8.442000
0242441712,-8.442000
0242441812,-8.442000
0242441912,-8.442000
0242442012,-8.442000
0242442112,-8.442000
0242442212,-8.442000
0242442312,-8.442000
0242442412,-8.442000
0242442512,-8.442000
0242442612,-8.442000
0242442712,-8.442000
0242442812,-8.442000
0242442912,-8.442000
0242443012,-8.442000
0242443112,-8.478000
0242443212,-8.550000
0242443312,-8.658000
0242443412,-8.802000
0242443512,-8.946000
0242443612,-9.090000
0242443712,-9.216000
0242443812,-9.360000
0242443912,-9.504000
0242444012,-9.648000
0242444112,-9.774000
0242444212,-9.918000
0242444312,-10.062000
0242444412,-10.206000
0242444512,-10.350000
0242444612,-10.476000
0242444712,-10.620000
0242444812,-10.764000
0242444912,-10.908000
0242445012,-11.052000
0242445112,-11.178000
0242445212,-11.322000
0242445312,-11.466000
0242445412,-11.610000
0242445512,-11.754000
0242445612,-11.880000
0242445712,-12.024000
0242445812,-12.168000
0242445912,-12.312000
0242446012,-12.456000
0242446112,-12.600000
0242446212,-12.726000
0242446312,-12.870000
0242446412,-13.014000
0242446512,-13.158000
0242446612,-13.302000
0242446712,-13.428000
0242446812,-13.572000
0242446912,-13.716000
0242447012,-13.860000
0242447112,-14.004000
0242447212,-14.130000
0242447312,-14.274000
0242447412,-14.418000
0242447512,-14.562000
0242447612,-14.706000
0242447712,-14.832000
0242447812,-14.976000
0242447912,-15.120000
0242448012,-15.264000
0242448112,-15.372000
0242448212,-15.444000
0242448312,-15.462000
0242448412,-15.480000
0242448512,-15.480000
0242448612,-15.480000
0242448712,-15.480000
0242448812,-15.480000
0242448912,-15.480000
0242449012,-15.480000
0242449112,-15.480000
0242449212,-15.480000
0242449312,-15.480000
0242449412,-15.480000
0242449512,-15.480000
0242449612,-15.480000
0242449712,-15.480000
0242449812,-15.516000
0242449912,-15.588000
0242450012,-15.714000
0242450112,-15.858000
0242450212,-16.002001
0242450312,-16.146000
0242450412,-16.290001
0242450512,-16.434000
0242450612,-16.559999
0242450712,-16.704000
0242450812,-16.848000
0242450912,-16.992001
0242451012,-17.136000
0242451112,-17.261999
0242451212,-17.406000
0242451312,-17.549999
0242451412,-17.694000
0242451512,-17.837999
0242451612,-17.964001
0242451712,-18.108000
0242451812,-18.252001
0242451912,-18.396000
0242452012,-18.521999
0242452112,-18.666000
0242452212,-18.809999
0242452312,-18.954000
0242452412,-19.098000
0242452512,-19.242001
0242452612,-19.386000
0242452712,-19.511999
0242452812,-19.656000
0242452912,-19.799999
0242453012,-19.944000
0242453112,-20.087999
0242453212,-20.214001
0242453312,-20.358000
0242453412,-20.502001
0242453512,-20.646000
0242453612,-20.790001
0242453712,-20.916000
0242453812,-21.059999
0242453912,-21.204000
0242454012,-21.348000
0242454112,-21.474001
0242454212,-21.618000
0242454312,-21.761999
0242454412,-21.906000
0242454512,-22.049999
0242454612,-22.176001
0242454712,-22.320000
0242454812,-22.427999
0242454912,-22.482000
0242455012,-22.500000
0242455112,-22.500000
0242455212,-22.500000
0242455312,-22.500000
0242455412,-22.500000
0242455512,-22.500000
0242455612,-22.500000
0242455712,-22.500000
0242455812,-22.500000
0242455912,-22.500000
0242456012,-22.500000
0242456112,-22.500000
0242456212,-22.500000
0242456312,-22.500000
0242456412,-22.500000
0242456512,-22.554001
0242456612,-22.662001
0242456712,-22.788000
0242456812,-22.931999
0242456912,-23.058001
0242457012,-23.219999
0242457112,-23.346001
0242457212,-23.490000
0242457312,-23.634001
0242457412,-23.778000
0242457512,-23.922001
0242457612,-24.048000
0242457712,-24.191999
0242457812,-24.336000
0242457912,-24.480000
0242458012,-24.606001
0242458112,-24.750000
0242458212,-24.893999
0242458312,-25.038000
0242458412,-25.181999
0242458512,-25.308001
0242458612,-25.452000
0242458712,-25.596001
0242458812,-25.740000
0242458912,-25.884001
0242459012,-26.010000
0242459112,-26.153999
0242459212,-26.298000
0242459312,-26.441999
0242459412,-26.586000
0242459512,-26.730000
0242459612,-26.856001
0242459712,-27.000000
0242459812,-27.143999
0242459912,-27.288000
0242460012,-27.431999
0242460112,-27.558001
0242460212,-27.702000
0242460312,-27.846001
0242460412,-27.990000
0242460512,-28.134001
0242460612,-28.260000
0242460712,-28.403999
0242460812,-28.548000
0242460912,-28.691999
0242461012,-28.836000
0242461112,-28.962000
0242461212,-29.106001
0242461312,-29.250000
0242461412,-29.375999
0242461512,-29.466000
0242461612,-29.520000
0242461712,-29.520000
0242461812,-29.520000
0242461912,-29.520000
0242462012,-29.520000
0242462112,-29.520000
0242462212,-29.520000
0242462312,-29.520000
0242462412,-29.520000
0242462512,-29.520000
0242462612,-29.520000
0242462712,-29.520000
0242462812,-29.520000
0242462912,-29.520000
0242463012,-29.520000
0242463112,-29.538000
0242463212,-29.520000
0242463312,-29.520000
0242463412,-29.483999
0242463512,-29.375999
0242463612,-29.250000
0242463712,-29.124001
0242463812,-28.980000
0242463912,-28.854000
0242464012,-28.709999
0242464112,-28.566000
0242464212,-28.440001
0242464312,-28.296000
0242464412,-28.152000
0242464512,-28.007999
0242464612,-27.864000
0242464712,-27.738001
0242464812,-27.594000
0242464912,-27.450001
0242465012,-27.306000
0242465112,-27.162001
0242465212,-27.035999
0242465312,-26.892000
0242465412,-26.747999
0242465512,-26.604000
0242465612,-26.459999
0242465712,-26.316000
0242465812,-26.190001
0242465912,-26.046000
0242466012,-25.902000
0242466112,-25.757999
0242466212,-25.614000
0242466312,-25.488001
0242466412,-25.344000
0242466512,-25.200001
0242466612,-25.056000
0242466712,-24.912001
0242466812,-24.768000
0242466912,-24.642000
0242467012,-24.497999
0242467112,-24.354000
0242467212,-24.209999
0242467312,-24.066000
0242467412,-23.940001
0242467512,-23.796000
0242467612,-23.652000
0242467712,-23.507999
0242467812,-23.364000
0242467912,-23.238001
0242468012,-23.094000
0242468112,-22.968000
0242468212,-22.896000
0242468312,-22.860001
0242468412,-22.841999
0242468512,-22.841999
0242468612,-22.841999
0242468712,-22.841999
0242468812,-22.841999
0242468912,-22.841999
0242469012,-22.841999
0242469112,-22.841999
0242469212,-22.841999
0242469312,-22.841999
0242469412,-22.841999
0242469512,-22.841999
0242469612,-22.841999
0242469712,-22.841999
0242469812,-22.823999
0242469912,-22.733999
0242470012,-22.625999
0242470112,-22.482000
0242470212,-22.337999
0242470312,-22.194000
0242470412,-22.049999
0242470512,-21.906000
0242470612,-21.761999
0242470712,-21.636000
0242470812,-21.492001
0242470912,-21.348000
0242471012,-21.204000
0242471112,-21.059999
0242471212,-20.934000
0242471312,-20.790001
0242471412,-20.646000
0242471512,-20.502001
0242471612,-20.375999
0242471712,-20.232000
0242471812,-20.087999
0242471912,-19.944000
0242472012,-19.799999
0242472112,-19.674000
0242472212,-19.511999
0242472312,-19.386000
0242472412,-19.242001
0242472512,-19.098000
0242472612,-18.954000
0242472712,-18.809999
0242472812,-18.684000
0242472912,-18.540001
0242473012,-18.396000
0242473112,-18.252001
0242473212,-18.108000
0242473312,-17.964001
0242473412,-17.837999
0242473512,-17.694000
0242473612,-17.549999
0242473712,-17.406000
0242473812,-17.261999
0242473912,-17.136000
0242474012,-16.992001
0242474112,-16.848000
0242474212,-16.722000
0242474312,-16.559999
0242474412,-16.434000
0242474512,-16.290001
0242474612,-16.146000
0242474712,-16.020000
0242474812,-15.894000
0242474912,-15.840000
0242475012,-15.822000
0242475112,-15.822000
0242475212,-15.822000
0242475312,-15.822000
0242475412,-15.822000
0242475512,-15.822000
0242475612,-15.822000
0242475712,-15.822000
0242475812,-15.822000
0242475912,-15.822000
0242476012,-15.822000
0242476112,-15.822000
0242476212,-15.804000
0242476312,-15.804000
0242476412,-15.804000
0242476512,-15.768000
0242476612,-15.678000
0242476712,-15.552000
0242476812,-15.408000
0242476912,-15.264000
0242477012,-15.120000
0242477112,-14.976000
0242477212,-14.832000
0242477312,-14.706000
0242477412,-14.562000
0242477512,-14.418000
0242477612,-14.274000
0242477712,-14.130000
0242477812,-14.004000
0242477912,-13.860000
0242478012,-13.716000
0242478112,-13.572000
0242478212,-13.428000
0242478312,-13.302000
0242478412,-13.158000
0242478512,-13.014000
0242478612,-12.888000
0242478712,-12.744000
0242478812,-12.600000
0242478912,-12.456000
0242479012,-12.312000
0242479112,-12.168000
0242479212,-12.024000
0242479312,-11.880000
0242479412,-11.754000
0242479512,-11.610000
0242479612,-11.466000
0242479712,-11.322000
0242479812,-11.178000
0242479912,-11.052000
0242480012,-10.908000
0242480112,-10.764000
0242480212,-10.620000
0242480312,-10.476000
0242480412,-10.350000
0242480512,-10.206000
0242480612,-10.062000
0242480712,-9.918000
0242480812,-9.774000
0242480912,-9.648000
0242481012,-9.504000
0242481112,-9.360000
0242481212,-9.216000
0242481312,-9.090000
0242481412,-8.946000
0242481512,-8.856000
0242481612,-8.802000
0242481712,-8.784000
0242481812,-8.784000
0242481912,-8.784000
0242482012,-8.784000
0242482112,-8.784000
0242482212,-8.784000
0242482312,-8.784000
0242482412,-8.784000
0242482512,-8.784000
0242482612,-8.784000
0242482712,-8.784000
0242482812,-8.784000
0242482912,-8.784000
0242483012,-8.784000
0242483112,-8.766000
0242483212,-8.712000
0242483312,-8.604000
0242483412,-8.460000
0242483512,-8.334000
0242483612,-8.190000
0242483712,-8.046000
0242483812,-7.902000
0242483912,-7.758000
0242484012,-7.632000
0242484112,-7.488000
0242484212,-7.344000
0242484312,-7.200000
0242484412,-7.056000
0242484512,-6.912000
0242484612,-6.786000
0242484712,-6.642000
0242484812,-6.498000
0242484912,-6.354000
0242485012,-6.210000
0242485112,-6.084000
0242485212,-5.940000
0242485312,-5.796000
0242485412,-5.670000
0242485512,-5.526000
0242485612,-5.382000
0242485712,-5.238000
0242485812,-5.094000
0242485912,-4.950000
0242486012,-4.806000
0242486112,-4.680000
0242486212,-4.536000
0242486312,-4.392000
0242486412,-4.248000
0242486512,-4.104000
0242486612,-3.960000
0242486712,-3.834000
0242486812,-3.690000
0242486912,-3.546000
0242487012,-3.420000
0242487112,-3.258000
0242487212,-3.132000
0242487312,-2.988000
0242487412,-2.844000
0242487512,-2.700000
0242487612,-2.574000
0242487712,-2.430000
0242487812,-2.286000
0242487912,-2.142000
0242488012,-2.016000
0242488112,-1.890000
0242488212,-1.800000
0242488312,-1.764000
0242488412,-1.764000
0242488512,-1.764000
0242488612,-1.764000
0242488712,-1.764000
0242488812,-1.764000
0242488912,-1.764000
0242489012,-1.764000
0242489112,-1.764000
0242489212,-1.764000
0242489312,-1.764000
0242489412,-1.764000
0242489512,-1.764000
0242489612,-1.764000
0242489712,-1.764000
0242489812,-1.764000
0242489912,-1.764000
0242490012,-1.764000
0242490112,-1.764000
0242490212,-1.764000
0242490312,-1.764000
0242490412,-1.764000
0242490512,-1.764000
0242490612,-1.764000
0242490712,-1.746000
0242490812,-1.746000
0242490912,-1.692000
0242491012,-1.584000
0242491112,-1.476000
0242491212,-1.386000
0242491312,-1.278000
0242491412,-1.170000
0242491512,-1.062000
0242491612,-0.954000
0242491712,-0.846000
0242491812,-0.738000
0242491912,-0.648000
0242492012,-0.540000
0242492112,-0.432000
0242492212,-0.324000
0242492312,-0.216000
0242492412,-0.108000
0242492512,0.000000
0242492612,0.090000
0242492712,0.198000
0242492812,0.306000
0242492912,0.414000
0242493012,0.522000
0242493112,0.630000
0242493212,0.720000
0242493312,0.828000
0242493412,0.936000
0242493512,1.044000
0242493612,1.152000
0242493712,1.260000
0242493812,1.368000
0242493912,1.476000
0242494012,1.566000
0242494112,1.674000
0242494212,1.782000
0242494312,1.890000
0242494412,1.998000
0242494512,2.106000
0242494612,2.214000
0242494712,2.304000
0242494812,2.412000
0242494912,2.520000
0242495012,2.628000
0242495112,2.736000
0242495212,2.808000
0242495312,2.826000
0242495412,2.826000
0242495512,2.826000
0242495612,2.826000
0242495712,2.826000
0242495812,2.826000
0242495912,2.826000
0242496012,2.826000
0242496112,2.826000
0242496212,2.826000
0242496312,2.826000
0242496412,2.826000
0242496512,2.826000
0242496612,2.826000
0242496712,2.826000
0242496812,2.826000
0242496912,2.826000
0242497012,2.826000
0242497112,2.826000
0242497212,2.826000
0242497312,2.826000
0242497412,2.826000
0242497512,2.826000
0242497612,2.826000
0242497712,2.826000
0242497812,2.826000
0242497912,2.826000
0242498012,2.826000
0242498112,2.826000
0242498212,2.826000
0242498312,2.826000
0242498412,2.826000
0242498512,2.826000
0242498612,2.808000
0242498712,2.808000
0242498812,2.808000
0242498912,2.808000
0242499012,2.808000
0242499112,2.808000
0242499212,2.790000
0242499312,2.790000
0242499412,2.790000
0242499512,2.790000
0242499612,2.790000
0242499712,2.772000
0242499812,2.772000
0242499912,2.772000
0242500012,2.772000
0242500112,2.754000
0242500212,2.754000
0242500312,2.754000
0242500412,2.754000
0242500512,2.736000
0242500612,2.736000
0242500712,2.736000
0242500812,2.718000
0242500912,2.718000
0242501012,2.718000
0242501112,2.700000
0242501212,2.700000
0242501312,2.700000
0242501412,2.700000
0242501512,2.682000
0242501612,2.682000
0242501712,2.664000
0242501812,2.664000
0242501912,2.664000
0242502012,2.646000
0242502112,2.646000
0242502212,2.646000
0242502312,2.628000
0242502412,2.628000
0242502512,2.610000
0242502612,2.610000
0242502712,2.610000
0242502812,2.592000
0242502912,2.592000
0242503012,2.592000
0242503112,2.574000
0242503212,2.574000
0242503312,2.556000
0242503412,2.556000
0242503512,2.556000
0242503612,2.538000
0242503712,2.538000
0242503812,2.538000
0242503912,2.520000
0242504012,2.520000
0242504112,2.502000
0242504212,2.502000
0242504312,2.502000
0242504412,2.484000
0242504512,2.484000
0242504612,2.484000
0242504712,2.466000
0242504812,2.466000
0242504912,2.448000
0242505012,2.448000
0242505112,2.448000
0242505212,2.430000
0242505312,2.430000
0242505412,2.412000
0242505512,2.412000
0242505612,2.412000
0242505712,2.394000
0242505812,2.394000
0242505912,2.394000
0242506012,2.376000
0242506112,2.376000
0242506212,2.358000
0242506312,2.358000
0242506412,2.358000
0242506512,2.340000
0242506612,2.340000
0242506712,2.322000
0242506812,2.322000
0242506912,2.322000
0242507012,2.304000
0242507112,2.304000
0242507212,2.304000
0242507312,2.286000
0242507412,2.286000
0242507512,2.268000
0242507612,2.268000
0242507712,2.268000
0242507812,2.250000
0242507912,2.250000
0242508012,2.232000
0242508112,2.232000
0242508212,2.232000
0242508312,2.214000
0242508412,2.214000
0242508512,2.214000
0242508612,2.196000
0242508712,2.196000
0242508812,2.178000
0242508912,2.178000
0242509012,2.178000
0242509112,2.160000
0242509212,2.160000
0242509312,2.142000
0242509412,2.142000
0242509512,2.142000
0242509612,2.124000
0242509712,2.124000
0242509812,2.106000
0242509912,2.106000
0242510012,2.106000
0242510112,2.088000
0242510212,2.088000
0242510312,2.088000
0242510412,2.070000
0242510512,2.070000
0242510612,2.052000
0242510712,2.052000
0242510812,2.052000
0242510912,2.034000
0242511012,2.034000
0242511112,2.016000
0242511212,2.016000
0242511312,2.016000
0242511412,1.998000
0242511512,1.998000
0242511612,1.998000
0242511712,1.980000
0242511812,1.980000
0242511912,1.962000
0242512012,1.962000
0242512112,1.962000
0242512212,1.944000
0242512312,1.944000
0242512412,1.926000
0242512512,1.926000
0242512612,1.926000
0242512712,1.908000
0242512812,1.908000
0242512912,1.890000
0242513012,1.890000
0242513112,1.890000
0242513212,1.872000
0242513312,1.872000
0242513412,1.872000
0242513512,1.854000
0242513612,1.854000
0242513712,1.836000
0242513812,1.836000
0242513912,1.836000
0242514012,1.818000
0242514112,1.818000
0242514212,1.800000
0242514312,1.800000
0242514412,1.800000
0242514512,1.782000
0242514612,1.782000
0242514712,1.764000
0242514812,1.764000
0242514912,1.764000
0242515012,1.746000
0242515112,1.746000
0242515212,1.746000
0242515312,1.728000
0242515412,1.728000
0242515512,1.710000
0242515612,1.710000
0242515712,1.710000
0242515812,1.692000
0242515912,1.692000
0242516012,1.674000
0242516112,1.674000
0242516212,1.674000
0242516312,1.656000
0242516412,1.656000
0242516512,1.638000
0242516612,1.638000
0242516712,1.638000
0242516812,1.620000
0242516912,1.620000
0242517012,1.602000
0242517112,1.602000
0242517212,1.602000
0242517312,1.584000
0242517412,1.584000
0242517512,1.566000
0242517612,1.566000
0242517712,1.566000
0242517812,1.566000
0242517912,1.566000
0242518012,1.566000
0242518112,1.566000
0242518212,1.566000
0242518312,1.566000
0242518412,1.566000
0242518512,1.566000
0242518612,1.566000
0242518712,1.566000
0242518812,1.566000
0242518912,1.566000
0242519012,1.566000
0242519112,1.566000
0242519212,1.566000
0242519312,1.566000
0242519412,1.566000
0242519512,1.566000
0242519612,1.566000
0242519712,1.566000
0242519812,1.566000
0242519912,1.566000
0242520012,1.566000
0242520112,1.566000
0242520212,1.566000
0242520312,1.566000
0242520412,1.566000
0242520512,1.566000
0242520612,1.566000
0242520712,1.566000
0242520812,1.566000
0242520912,1.566000
0242521012,1.566000
0242521112,1.566000
0242521212,1.566000
0242521312,1.566000
0242521412,1.566000
0242521512,1.566000
0242521612,1.566000
0242521712,1.566000
0242521812,1.566000
0242521912,1.566000
0242522012,1.566000
0242522112,1.566000
0242522212,1.566000
0242522312,1.566000
0242522412,1.566000
0242522512,1.566000
0242522612,1.566000
0242522712,1.566000
0242522812,1.566000
0242522912,1.566000
0242523012,1.566000
0242523112,1.566000
0242523212,1.566000
0242523312,1.566000
0242523412,1.566000
0242523512,1.566000
0242523612,1.566000
0242523712,1.566000
0242523812,1.566000
0242523912,1.566000
0242524012,1.566000
0242524112,1.566000
0242524212,1.566000
0242524312,1.566000
0242524412,1.566000
0242524512,1.566000
0242524612,1.566000
0242524712,1.566000
0242524812,1.566000
0242524912,1.566000
0242525012,1.566000
0242525112,1.566000
0242525212,1.566000
0242525312,1.566000
0242525412,1.566000
0242525512,1.566000
0242525612,1.566000
0242525712,1.566000
0242525812,1.566000
0242525912,1.566000
0242526012,1.566000
0242526112,1.566000
0242526212,1.566000
0242526312,1.566000
0242526412,1.566000
0242526512,1.566000
0242526612,1.566000
0242526712,1.566000
0242526812,1.566000
0242526912,1.566000
0242527012,1.566000
0242527112,1.566000
0242527212,1.566000
0242527312,1.566000
0242527412,1.566000
0242527512,1.566000
0242527612,1.566000
0242527712,1.566000
0242527812,1.566000
0242527912,1.566000
0242528012,1.566000
0242528112,1.566000
0242528212,1.566000
0242528312,1.566000
0242528412,1.566000
0242528512,1.566000
0242528612,1.566000
0242528712,1.566000
0242528812,1.566000
0242528912,1.566000
0242529012,1.566000
0242529112,1.566000
0242529212,1.566000
0242529312,1.566000
0242529412,1.566000
0242529512,1.566000
0242529612,1.566000
0242529712,1.566000
0242529812,1.566000
0242529912,1.566000
0242530012,1.566000
0242530112,1.566000
0242530212,1.566000
0242530312,1.566000
0242530412,1.566000
0242530512,1.566000
0242530612,1.566000
0242530712,1.566000
0242530812,1.566000
0242530912,1.566000
0242531012,1.566000
0242531112,1.566000
0242531212,1.566000
0242531312,1.566000
0242531412,1.566000
0242531512,1.566000
0242531612,1.566000
0242531712,1.566000
0242531812,1.566000
0242531912,1.566000
0242532012,1.566000
0242532112,1.566000
0242532212,1.566000
0242532312,1.566000
0242532412,1.566000
0242532512,1.566000
0242532612,1.566000
0242532712,1.566000
0242532812,1.566000
0242532912,1.566000
0242533012,1.566000
0242533112,1.566000
0242533212,1.566000
0242533312,1.566000
0242533412,1.566000
0242533512,1.566000
0242533612,1.566000
0242533712,1.566000
0242533812,1.566000
0242533912,1.566000
0242534012,1.566000
0242534112,1.566000
0242534212,1.566000
0242534312,1.566000
0242534412,1.566000
0242534512,1.566000
0242534612,1.566000
0242534712,1.566000
0242534812,1.566000
0242534912,1.566000
0242535012,1.566000
0242535112,1.566000
0242535212,1.566000
0242535312,1.566000
0242535412,1.566000
0242535512,1.566000
0242535612,1.566000
0242535712,1.566000
0242535812,1.566000
0242535912,1.566000
0242536012,1.566000
0242536112,1.566000
0242536212,1.566000
0242536312,1.566000
0242536412,1.566000
0242536512,1.566000
0242536612,1.566000
0242536712,1.566000
0242536812,1.566000
0242536912,1.566000
0242537012,1.566000
0242537112,1.566000
0242537212,1.566000
0242537312,1.566000
0242537412,1.566000
0242537512,1.566000
0242537612,1.566000
0242537712,1.566000
0242537812,1.566000
0242537912,1.566000
0242538012,1.566000
0242538112,1.566000
0242538212,1.566000
0242538312,1.566000
0242538412,1.566000
0242538512,1.566000
0242538612,1.566000
0242538712,1.566000
0242538812,1.566000
0242538912,1.566000
0242539012,1.566000
0242539112,1.566000
0242539212,1.566000
0242539312,1.566000
0242539412,1.566000
0242539512,1.566000
0242539612,1.566000
0242539712,1.566000
0242539812,1.566000
0242539912,1.566000
0242540012,1.566000
0242540112,1.566000
0242540212,1.566000
0242540312,1.566000
0242540412,1.566000
0242540512,1.566000
0242540612,1.566000
0242540712,1.566000
0242540812,1.566000
0242540912,1.566000
0242541012,1.566000
0242541112,1.566000
0242541212,1.566000
0242541312,1.566000
0242541412,1.566000
0242541512,1.566000
0242541612,1.566000
0242541712,1.566000
0242541812,1.566000
0242541912,1.566000
0242542012,1.566000
0242542112,1.566000
0242542212,1.566000
0242542312,1.566000
0242542412,1.566000
0242542512,1.566000
0242542612,1.566000
0242542712,1.566000
0242542812,1.566000
0242542912,1.566000
0242543012,1.566000
0242543112,1.566000
0242543212,1.566000
0242543312,1.566000
0242543412,1.566000
0242543512,1.566000
0242543612,1.566000
0242543712,1.566000
0242543812,1.566000
0242543912,1.566000
0242544012,1.566000
0242544112,1.566000
0242544212,1.566000
0242544312,1.566000
0242544412,1.566000
0242544512,1.566000
0242544612,1.566000
0242544712,1.566000
0242544812,1.566000
0242544912,1.566000
0242545012,1.566000
0242545112,1.566000
0242545212,1.566000
0242545312,1.566000
0242545412,1.566000
0242545512,1.566000
0242545612,1.566000
0242545712,1.566000
0242545812,1.566000
0242545912,1.566000
0242546012,1.566000
0242546112,1.566000
0242546212,1.566000
0242546312,1.566000
0242546412,1.566000
0242546512,1.566000
0242546612,1.566000
0242546712,1.566000
0242546812,1.566000
0242546912,1.566000
0242547012,1.566000
0242547112,1.566000
0242547212,1.566000
0242547312,1.566000
0242547412,1.566000
0242547512,1.566000
0242547612,1.566000
0242547712,1.566000
0242547812,1.566000
0242547912,1.566000
0242548012,1.566000
0242548112,1.566000
0242548212,1.566000
0242548312,1.566000
0242548412,1.566000
0242548512,1.566000
0242548612,1.566000
0242548712,1.566000
0242548812,1.566000
0242548912,1.566000
0242549012,1.566000
0242549112,1.566000
0242549212,1.566000
0242549312,1.566000
0242549412,1.566000
0242549512,1.566000
0242549612,1.566000
0242549712,1.566000
0242549812,1.566000
0242549912,1.566000
0242550012,1.566000
0242550112,1.566000
0242550212,1.566000
0242550312,1.566000
0242550412,1.566000
0242550512,1.566000
0242550612,1.566000
0242550712,1.566000
0242550812,1.566000
0242550912,1.566000
0242551012,1.566000
0242551112,1.566000
0242551212,1.566000
0242551312,1.566000
0242551412,1.566000
0242551512,1.566000
0242551612,1.566000
0242551712,1.566000
0242551812,1.566000
0242551912,1.566000
0242552012,1.566000
0242552112,1.566000
0242552212,1.566000
0242552312,1.566000
0242552412,1.566000
0242552512,1.566000
0242552612,1.566000
0242552712,1.566000
0242552812,1.566000
0242552912,1.566000
0242553012,1.566000
0242553112,1.566000
0242553212,1.566000
0242553312,1.566000
0242553412,1.566000
0242553512,1.566000
0242553612,1.566000
0242553712,1.566000
0242553812,1.566000
0242553912,1.566000
0242554012,1.566000
0242554112,1.566000
0242554212,1.566000
0242554312,1.566000
0242554412,1.566000
0242554512,1.566000
0242554612,1.566000
0242554712,1.566000
0242554812,1.566000
0242554912,1.566000
0242555012,1.566000
0242555112,1.566000
0242555212,1.566000
0242555312,1.566000
0242555412,1.566000
0242555512,1.566000
0242555612,1.566000
0242555712,1.566000
0242555812,1.566000
0242555912,1.566000
0242556012,1.566000
0242556112,1.566000
0242556212,1.566000
0242556312,1.566000
0242556412,1.566000
0242556512,1.566000
0242556612,1.566000
0242556712,1.566000
0242556812,1.566000
0242556912,1.566000
0242557012,1.566000
0242557112,1.566000
0242557212,1.566000
0242557312,1.566000
0242557412,1.566000
0242557512,1.566000
0242557612,1.566000
0242557712,1.566000
0242557812,1.566000
0242557912,1.566000
0242558012,1.566000
0242558112,1.566000
0242558212,1.566000
0242558312,1.566000
0242558412,1.566000
0242558512,1.566000
0242558612,1.566000
0242558712,1.566000
0242558812,1.566000
0242558912,1.566000
0242559012,1.566000
0242559112,1.566000
0242559212,1.566000
0242559312,1.566000
0242559412,1.566000
0242559512,1.566000
0242559612,1.566000
0242559712,1.566000
0242559812,1.566000
0242559912,1.566000
0242560012,1.566000
0242560112,1.566000
0242560212,1.566000
0242560312,1.566000
0242560412,1.566000
0242560512,1.566000
0242560612,1.566000
0242560712,1.566000
0242560812,1.566000
0242560912,1.566000
0242561012,1.566000
0242561112,1.566000
0242561212,1.566000
0242561312,1.566000
0242561412,1.566000
0242561512,1.566000
0242561612,1.566000
0242561712,1.566000
0242561812,1.566000
0242561912,1.566000
0242562012,1.566000
0242562112,1.566000
0242562212,1.566000
0242562312,1.566000
0242562412,1.566000
0242562512,1.566000
0242562612,1.566000
0242562712,1.566000
0242562812,1.566000
0242562912,1.566000
0242563012,1.566000
0242563112,1.566000
0242563212,1.566000
0242563312,1.566000
0242563412,1.566000
0242563512,1.566000
0242563612,1.566000
0242563712,1.566000
0242563812,1.566000
0242563912,1.566000
0242564012,1.566000
0242564112,1.566000
0242564212,1.566000
0242564312,1.566000
0242564412,1.566000
0242564512,1.566000
0242564612,1.566000
0242564712,1.566000
0242564812,1.566000
0242564912,1.566000
0242565012,1.566000
0242565112,1.566000
0242565212,1.566000
0242565312,1.566000
0242565412,1.566000
0242565512,1.566000
0242565612,1.566000
0242565712,1.566000
0242565812,1.566000
0242565912,1.566000
0242566012,1.566000
0242566112,1.566000
0242566212,1.566000
0242566312,1.566000
0242566412,1.566000
0242566512,1.566000
0242566612,1.566000
0242566712,1.566000
0242566812,1.566000
0242566912,1.566000
0242567012,1.566000
0242567112,1.566000
0242567212,1.566000
0242567312,1.566000
0242567412,1.566000
0242567512,1.566000
0242567612,1.566000
0242567712,1.566000
0242567812,1.566000
0242567912,1.566000
0242568012,1.566000
0242568112,1.566000
0242568212,1.566000
0242568312,1.566000
0242568412,1.566000
0242568512,1.566000
0242568612,1.566000
0242568712,1.566000
0242568812,1.566000
0242568912,1.566000
0242569012,1.566000
0242569112,1.566000
0242569212,1.566000
0242569312,1.566000
0242569412,1.566000
0242569512,1.566000
0242569612,1.566000
0242569712,1.566000
0242569812,1.566000
0242569912,1.566000
0242570012,1.566000
0242570112,1.566000
0242570212,1.566000
0242570312,1.566000
0242570412,1.566000
0242570512,1.566000
0242570612,1.566000
0242570712,1.566000
0242570812,1.566000
0242570912,1.566000
0242571012,1.566000
0242571112,1.566000
0242571212,1.566000
0242571312,1.566000
0242571412,1.566000
0242571512,1.566000
0242571612,1.566000
0242571712,1.566000
0242571812,1.566000
0242571912,1.566000
0242572012,1.566000
0242572112,1.566000
0242572212,1.566000
0242572312,1.566000
0242572412,1.566000
0242572512,1.566000
0242572612,1.566000
0242572712,1.566000
0242572812,1.566000
0242572912,1.566000
0242573012,1.566000
0242573112,1.566000
0242573212,1.566000
0242573312,1.566000
0242573412,1.566000
0242573512,1.566000
0242573612,1.566000
0242573712,1.566000
0242573812,1.566000
0242573912,1.566000
0242574012,1.566000
0242574112,1.566000
0242574212,1.566000
0242574312,1.566000
0242574412,1.566000
0242574512,1.566000
0242574612,1.566000
0242574712,1.566000
0242574812,1.566000
0242574912,1.566000
0242575012,1.566000
0242575112,1.566000
0242575212,1.566000
0242575312,1.566000
0242575412,1.566000
0242575512,1.566000
0242575612,1.566000
0242575712,1.566000
0242575812,1.566000
0242575912,1.566000
0242576012,1.566000
0242576112,1.566000
0242576212,1.566000
0242576312,1.566000
0242576412,1.566000
0242576512,1.566000
0242576612,1.566000
0242576712,1.566000
0242576812,1.566000
0242576912,1.566000
0242577012,1.566000
0242577112,1.566000
0242577212,1.566000
0242577312,1.566000
0242577412,1.566000
0242577512,1.566000
0242577612,1.566000
0242577712,1.566000
0242577812,1.566000
0242577912,1.566000
0242578012,1.566000
0242578112,1.566000
0242578212,1.566000
0242578312,1.566000
0242578412,1.566000
0242578512,1.566000
0242578612,1.566000
0242578712,1.566000
0242578812,1.566000
0242578912,1.566000
0242579012,1.566000
0242579112,1.566000
0242579212,1.566000
0242579312,1.566000
0242579412,1.566000
0242579512,1.566000
0242579612,1.566000
0242579712,1.566000
0242579812,1.566000
0242579912,1.566000
0242580012,1.566000
0242580112,1.566000
0242580212,1.566000
0242580312,1.566000
0242580412,1.566000
0242580512,1.566000
0242580612,1.566000
0242580712,1.566000
0242580812,1.566000
0242580912,1.566000
0242581012,1.566000
0242581112,1.566000
0242581212,1.566000
0242581312,1.566000
0242581412,1.566000
0242581512,1.566000
0242581612,1.566000
0242581712,1.566000
0242581812,1.566000
0242581912,1.566000
0242582012,1.566000
0242582112,1.566000
0242582212,1.566000
0242582312,1.566000
0242582412,1.566000
0242582512,1.566000
0242582612,1.566000
0242582712,1.566000
0242582812,1.566000
0242582912,1.566000
0242583012,1.566000
0242583112,1.566000
0242583212,1.566000
0242583312,1.566000
0242583412,1.566000
0242583512,1.566000
0242583612,1.566000
0242583712,1.566000
0242583812,1.566000
0242583912,1.566000
0242584012,1.566000
0242584112,1.566000
0242584212,1.566000
0242584312,1.566000
0242584412,1.566000
0242584512,1.566000
0242584612,1.566000
0242584712,1.566000
0242584812,1.566000
0242584912,1.566000
0242585012,1.566000
0242585112,1.566000
0242585212,1.566000
0242585312,1.566000
0242585412,1.566000
0242585512,1.566000
0242585612,1.566000
0242585712,1.566000
0242585812,1.566000
0242585912,1.566000
0242586012,1.566000
0242586112,1.566000
0242586212,1.566000
0242586312,1.566000
0242586412,1.566000
0242586512,1.566000
0242586612,1.566000
0242586712,1.566000
0242586812,1.566000
0242586912,1.566000
0242587012,1.566000
0242587112,1.566000
0242587212,1.566000
0242587312,1.566000
0242587412,1.566000
0242587512,1.566000
0242587612,1.566000
0242587712,1.566000
0242587812,1.566000
0242587912,1.566000
0242588012,1.566000
0242588112,1.566000
0242588212,1.566000
0242588312,1.566000
0242588412,1.566000
0242588512,1.566000
0242588612,1.566000
0242588712,1.566000
0242588812,1.566000
0242588912,1.566000
0242589012,1.566000
0242589112,1.566000
0242589212,1.566000
0242589312,1.566000
0242589412,1.566000
0242589512,1.566000
0242589612,1.566000
0242589712,1.566000
0242589812,1.566000
0242589912,1.566000
0242590012,1.566000
0242590112,1.566000
0242590212,1.566000
0242590312,1.566000
0242590412,1.566000
0242590512,1.566000
0242590612,1.566000
0242590712,1.566000
0242590812,1.566000
0242590912,1.566000
0242591012,1.566000
0242591112,1.566000
0242591212,1.566000
0242591312,1.566000
0242591412,1.566000
0242591512,1.566000
0242591612,1.566000
0242591712,1.566000
0242591812,1.566000
0242591912,1.566000
0242592012,1.566000
0242592112,1.566000
0242592212,1.566000
0242592312,1.566000
0242592412,1.566000
0242592512,1.566000
0242592612,1.566000
0242592712,1.566000
0242592812,1.566000
0242592912,1.566000
0242593012,1.566000
0242593112,1.566000
0242593212,1.566000
0242593312,1.566000
0242593412,1.566000
0242593512,1.566000
0242593612,1.566000
0242593712,1.566000
0242593812,1.566000
0242593912,1.566000
0242594012,1.566000
0242594112,1.566000
0242594212,1.566000
0242594312,1.566000
0242594412,1.566000
0242594512,1.566000
0242594612,1.566000
0242594712,1.566000
0242594812,1.566000
0242594912,1.566000
0242595012,1.566000
0242595112,1.566000
0242595212,1.566000
0242595312,1.566000
0242595412,1.566000
0242595512,1.566000
0242595612,1.566000
0242595712,1.566000
0242595812,1.566000
0242595912,1.566000
0242596012,1.566000
0242596112,1.566000
0242596212,1.566000
0242596312,1.566000
0242596412,1.566000
0242596512,1.566000
0242596612,1.566000
0242596712,1.566000
0242596812,1.566000
0242596912,1.566000
0242597012,1.566000
0242597112,1.566000
0242597212,1.566000
0242597312,1.566000
0242597412,1.566000
0242597512,1.566000
0242597612,1.566000
0242597712,1.566000
0242597812,1.566000
0242597912,1.566000
0242598012,1.566000
0242598112,1.566000
0242598212,1.566000
0242598312,1.566000
0242598412,1.566000
0242598512,1.566000
0242598612,1.566000
0242598712,1.566000
0242598812,1.566000
0242598912,1.566000
0242599012,1.566000
0242599112,1.566000
0242599212,1.566000
0242599312,1.566000
0242599412,1.566000
0242599512,1.566000
0242599612,1.566000
0242599712,1.566000
0242599812,1.566000
0242599912,1.566000
0242600012,1.566000
0242600112,1.566000
0242600212,1.566000
0242600312,1.566000
0242600412,1.566000
0242600512,1.566000
0242600612,1.566000
0242600712,1.566000
0242600812,1.566000
0242600912,1.566000
0242601012,1.566000
0242601112,1.566000
0242601212,1.566000
0242601312,1.566000
0242601412,1.566000
0242601512,1.566000
0242601612,1.566000
0242601712,1.566000
0242601812,1.566000
0242601912,1.566000
0242602012,1.566000
0242602112,1.566000
0242602212,1.566000
0242602312,1.566000
0242602412,1.566000
0242602512,1.566000
0242602612,1.566000
0242602712,1.566000
0242602812,1.566000
0242602912,1.566000
0242603012,1.566000
0242603112,1.566000
0242603212,1.566000
0242603312,1.566000
0242603412,1.566000
0242603512,1.566000
0242603612,1.566000
0242603712,1.566000
0242603812,1.566000
0242603912,1.566000
0242604012,1.566000
0242604112,1.566000
0242604212,1.566000
0242604312,1.566000
0242604412,1.566000
0242604512,1.566000
0242604612,1.566000
0242604712,1.566000
0242604812,1.566000
0242604912,1.566000
0242605012,1.566000
0242605112,1.566000
0242605212,1.566000
0242605312,1.566000
0242605412,1.566000
0242605512,1.566000
0242605612,1.566000
0242605712,1.566000
0242605812,1.566000
0242605912,1.566000
0242606012,1.566000
0242606112,1.566000
0242606212,1.566000
0242606312,1.566000
0242606412,1.566000
0242606512,1.566000
0242606612,1.566000
0242606712,1.566000
0242606812,1.566000
0242606912,1.566000
0242607012,1.566000
0242607112,1.566000
0242607212,1.566000
0242607312,1.566000
0242607412,1.566000
0242607512,1.566000
0242607612,1.566000
0242607712,1.566000
0242607812,1.566000
0242607912,1.566000
0242608012,1.566000
0242608112,1.566000
0242608212,1.566000
0242608312,1.566000
0242608412,1.566000
0242608512,1.566000
0242608612,1.566000
0242608712,1.566000
0242608812,1.566000
0242608912,1.566000
0242609012,1.566000
0242609112,1.566000
0242609212,1.566000
0242609312,1.566000
0242609412,1.566000
0242609512,1.566000
0242609612,1.566000
0242609712,1.566000
0242609812,1.566000
0242609912,1.566000
0242610012,1.566000
0242610112,1.566000
0242610212,1.566000
0242610312,1.566000
0242610412,1.566000
0242610512,1.566000
0242610612,1.566000
0242610712,1.566000
0242610812,1.566000
0242610912,1.566000