use external trigger (y/n)? do reference run (y/n)? 
EIB firmware version: 63328110

using internal timer trigger
Start Reference Run Now


press Ctrl-C to stop

0260357212,197.945999
0260357312,197.873993
0260357412,197.802002
0260357512,197.729996
0260357612,197.675995
0260357712,197.604004
0260357812,197.531998
0260357912,197.460007
0260358012,197.388000
0260358112,197.315994
0260358212,197.244003
0260358312,197.171997
0260358412,197.100006
0260358512,197.046005
0260358612,196.973999
0260358712,196.901993
0260358812,196.830002
0260358912,196.757996
0260359012,196.686005
0260359112,196.613998
0260359212,196.542007
0260359312,196.470001
0260359412,196.397995
0260359512,196.326004
0260359612,196.272003
0260359712,196.199997
0260359812,196.128006
0260359912,196.056000
0260360012,195.983994
0260360112,195.912003
0260360212,195.839996
0260360312,195.768005
0260360412,195.695999
0260360512,195.623993
0260360612,195.552002
0260360712,195.498001
0260360812,195.425995
0260360912,195.354004
0260361012,195.281998
0260361112,195.210007
0260361212,195.138000
0260361312,195.065994
0260361412,194.994003
0260361512,194.921997
0260361612,194.850006
0260361712,194.778000
0260361812,194.705994
0260361912,194.651993
0260362012,194.580002
0260362112,194.507996
0260362212,194.436005
0260362312,194.363998
0260362412,194.292007
0260362512,194.220001
0260362612,194.147995
0260362712,194.093994
0260362812,194.022003
0260362912,193.949997
0260363012,193.878006
0260363112,193.806000
0260363212,193.733994
0260363312,193.662003
0260363412,193.589996
0260363512,193.518005
0260363612,193.445999
0260363712,193.391998
0260363812,193.320007
0260363912,193.248001
0260364012,193.175995
0260364112,193.104004
0260364212,193.031998
0260364312,192.960007
0260364412,192.888000
0260364512,192.815994
0260364612,192.744003
0260364712,192.671997
0260364812,192.617996
0260364912,192.546005
0260365012,192.473999
0260365112,192.401993
0260365212,192.348007
0260365312,192.311996
0260365412,192.294006
0260365512,192.294006
0260365612,192.294006
0260365712,192.294006
0260365812,192.294006
0260365912,192.311996
0260366012,192.330002
0260366112,192.384003
0260366212,192.438004
0260366312,192.509995
0260366412,192.563995
0260366512,192.636002
0260366612,192.707993
0260366712,192.761993
0260366812,192.834000
0260366912,192.906006
0260367012,192.977997
0260367112,193.050003
0260367212,193.121994
0260367312,193.194000
0260367412,193.248001
0260367512,193.320007
0260367612,193.391998
0260367712,193.464005
0260367812,193.535995
0260367912,193.608002
0260368012,193.679993
0260368112,193.751999
0260368212,193.824005
0260368312,193.895996
0260368412,193.968002
0260368512,194.022003
0260368612,194.093994
0260368712,194.166000
0260368812,194.238007
0260368912,194.309998
0260369012,194.382004
0260369112,194.453995
0260369212,194.526001
0260369312,194.598007
0260369412,194.669998
0260369512,194.723999
0260369612,194.796005
0260369712,194.867996
0260369812,194.940002
0260369912,195.011993
0260370012,195.084000
0260370112,195.156006
0260370212,195.227997
0260370312,195.300003
0260370412,195.371994
0260370512,195.425995
0260370612,195.498001
0260370712,195.570007
0260370812,195.641998
0260370912,195.714005
0260371012,195.785995
0260371112,195.858002
0260371212,195.929993
0260371312,196.001999
0260371412,196.074005
0260371512,196.145996
0260371612,196.218002
0260371712,196.272003
0260371812,196.343994
0260371912,196.416000
0260372012,196.488007
0260372112,196.559998
0260372212,196.632004
0260372312,196.703995
0260372412,196.776001
0260372512,196.848007
0260372612,196.919998
0260372712,196.992004
0260372812,197.046005
0260372912,197.117996
0260373012,197.190002
0260373112,197.261993
0260373212,197.334000
0260373312,197.406006
0260373412,197.477997
0260373512,197.550003
0260373612,197.621994
0260373712,197.694000
0260373812,197.766006
0260373912,197.820007
0260374012,197.891998
0260374112,197.964005
0260374212,198.035995
0260374312,198.108002
0260374412,198.179993
0260374512,198.251999
0260374612,198.324005
0260374712,198.395996
0260374812,198.468002
0260374912,198.539993
0260375012,198.593994
0260375112,198.666000
0260375212,198.738007
0260375312,198.809998
0260375412,198.882004
0260375512,198.953995
0260375612,199.026001
0260375712,199.098007
0260375812,199.169998
0260375912,199.242004
0260376012,199.296005
0260376112,199.367996
0260376212,199.440002
0260376312,199.511993
0260376412,199.584000
0260376512,199.656006
0260376612,199.727997
0260376712,199.800003
0260376812,199.871994
0260376912,199.944000
0260377012,200.016006
0260377112,200.087997
0260377212,200.160004
0260377312,200.214005
0260377412,200.285995
0260377512,200.358002
0260377612,200.429993
0260377712,200.501999
0260377812,200.574005
0260377912,200.645996
0260378012,200.718002
0260378112,200.789993
0260378212,200.862000
0260378312,200.934006
0260378412,200.988007
0260378512,201.059998
0260378612,201.132004
0260378712,201.203995
0260378812,201.276001
0260378912,201.348007
0260379012,201.419998
0260379112,201.492004
0260379212,201.563995
0260379312,201.636002
0260379412,201.690002
0260379512,201.761993
0260379612,201.834000
0260379712,201.906006
0260379812,201.977997
0260379912,202.050003
0260380012,202.121994
0260380112,202.194000
0260380212,202.266006
0260380312,202.337997
0260380412,202.391998
0260380512,202.445999
0260380612,202.481995
0260380712,202.500000
0260380812,202.500000
0260380912,202.500000
0260381012,202.500000
0260381112,202.500000
0260381212,202.500000
0260381312,202.500000
0260381412,202.500000
0260381512,202.500000
0260381612,202.500000
0260381712,202.500000
0260381812,202.500000
0260381912,202.500000
0260382012,202.500000
0260382112,202.500000
0260382212,202.500000
0260382312,202.500000
0260382412,202.500000
0260382512,202.500000
0260382612,202.500000
0260382712,202.500000
0260382812,202.500000
0260382912,202.500000
0260383012,202.500000
0260383112,202.500000
0260383212,202.500000
0260383312,202.500000
0260383412,202.500000
0260383512,202.500000
0260383612,202.500000
0260383712,202.500000
0260383812,202.518005
0260383912,202.554001
0260384012,202.608002
0260384112,202.679993
0260384212,202.787994
0260384312,202.895996
0260384412,202.985992
0260384512,203.093994
0260384612,203.201996
0260384712,203.309998
0260384812,203.417999
0260384912,203.526001
0260385012,203.634003
0260385112,203.723999
0260385212,203.832001
0260385312,203.940002
0260385412,204.048004
0260385512,204.156006
0260385612,204.264008
0260385712,204.371994
0260385812,204.462006
0260385912,204.570007
0260386012,204.677994
0260386112,204.785995
0260386212,204.893997
0260386312,205.001999
0260386412,205.110001
0260386512,205.199997
0260386612,205.307999
0260386712,205.416000
0260386812,205.524002
0260386912,205.632004
0260387012,205.740005
0260387112,205.848007
0260387212,205.938004
0260387312,206.046005
0260387412,206.154007
0260387512,206.261993
0260387612,206.369995
0260387712,206.477997
0260387812,206.585999
0260387912,206.675995
0260388012,206.783997
0260388112,206.891998
0260388212,207.000000
0260388312,207.108002
0260388412,207.216003
0260388512,207.324005
0260388612,207.414001
0260388712,207.522003
0260388812,207.630005
0260388912,207.738007
0260389012,207.845993
0260389112,207.953995
0260389212,208.061996
0260389312,208.151993
0260389412,208.259995
0260389512,208.367996
0260389612,208.475998
0260389712,208.584000
0260389812,208.692001
0260389912,208.800003
0260390012,208.889999
0260390112,208.998001
0260390212,209.106003
0260390312,209.214005
0260390412,209.322006
0260390512,209.429993
0260390612,209.537994
0260390712,209.628006
0260390812,209.735992
0260390912,209.843994
0260391012,209.951996
0260391112,210.059998
0260391212,210.167999
0260391312,210.276001
0260391412,210.384003
0260391512,210.473999
0260391612,210.582001
0260391712,210.690002
0260391812,210.798004
0260391912,210.906006
0260392012,211.014008
0260392112,211.121994
0260392212,211.212006
0260392312,211.320007
0260392412,211.427994
0260392512,211.535995
0260392612,211.643997
0260392712,211.751999
0260392812,211.860001
0260392912,211.949997
0260393012,212.057999
0260393112,212.166000
0260393212,212.274002
0260393312,212.382004
0260393412,212.490005
0260393512,212.598007
0260393612,212.688004
0260393712,212.796005
0260393812,212.904007
0260393912,213.011993
0260394012,213.119995
0260394112,213.227997
0260394212,213.335999
0260394312,213.425995
0260394412,213.533997
0260394512,213.641998
0260394612,213.750000
0260394712,213.858002
0260394812,213.966003
0260394912,214.074005
0260395012,214.164001
0260395112,214.272003
0260395212,214.380005
0260395312,214.488007
0260395412,214.595993
0260395512,214.703995
0260395612,214.811996
0260395712,214.901993
0260395812,215.009995
0260395912,215.117996
0260396012,215.225998
0260396112,215.334000
0260396212,215.442001
0260396312,215.550003
0260396412,215.639999
0260396512,215.748001
0260396612,215.856003
0260396712,215.964005
0260396812,216.072006
0260396912,216.179993
0260397012,216.287994
0260397112,216.378006
0260397212,216.485992
0260397312,216.593994
0260397412,216.701996
0260397512,216.809998
0260397612,216.917999
0260397712,217.026001
0260397812,217.115997
0260397912,217.223999
0260398012,217.332001
0260398112,217.440002
0260398212,217.548004
0260398312,217.656006
0260398412,217.764008
0260398512,217.854004
0260398612,217.962006
0260398712,218.070007
0260398812,218.177994
0260398912,218.285995
0260399012,218.393997
0260399112,218.501999
0260399212,218.610001
0260399312,218.699997
0260399412,218.807999
0260399512,218.916000
0260399612,219.024002
0260399712,219.132004
0260399812,219.240005
0260399912,219.330002
0260400012,219.438004
0260400112,219.546005
0260400212,219.654007
0260400312,219.761993
0260400412,219.869995
0260400512,219.977997
0260400612,220.067993
0260400712,220.175995
0260400812,220.283997
0260400912,220.391998
0260401012,220.500000
0260401112,220.608002
0260401212,220.716003
0260401312,220.806000
0260401412,220.914001
0260401512,221.022003
0260401612,221.130005
0260401712,221.238007
0260401812,221.345993
0260401912,221.453995
0260402012,221.544006
0260402112,221.634003
0260402212,221.688004
0260402312,221.723999
0260402412,221.742004
0260402512,221.742004
0260402612,221.742004
0260402712,221.742004
0260402812,221.742004
0260402912,221.742004
0260403012,221.742004
0260403112,221.742004
0260403212,221.742004
0260403312,221.742004
0260403412,221.742004
0260403512,221.742004
0260403612,221.742004
0260403712,221.742004
0260403812,221.742004
0260403912,221.742004
0260404012,221.742004
0260404112,221.742004
0260404212,221.742004
0260404312,221.742004
0260404412,221.742004
0260404512,221.742004
0260404612,221.742004
0260404712,221.742004
0260404812,221.742004
0260404912,221.742004
0260405012,221.742004
0260405112,221.742004
0260405212,221.742004
0260405312,221.742004
0260405412,221.742004
0260405512,221.742004
0260405612,221.742004
0260405712,221.723999
0260405812,221.723999
0260405912,221.723999
0260406012,221.723999
0260406112,221.723999
0260406212,221.705994
0260406312,221.705994
0260406412,221.705994
0260406512,221.705994
0260406612,221.705994
0260406712,221.688004
0260406812,221.688004
0260406912,221.688004
0260407012,221.688004
0260407112,221.669998
0260407212,221.669998
0260407312,221.669998
0260407412,221.651993
0260407512,221.651993
0260407612,221.651993
0260407712,221.634003
0260407812,221.634003
0260407912,221.634003
0260408012,221.634003
0260408112,221.615997
0260408212,221.615997
0260408312,221.615997
0260408412,221.598007
0260408512,221.598007
0260408612,221.580002
0260408712,221.580002
0260408812,221.580002
0260408912,221.561996
0260409012,221.561996
0260409112,221.561996
0260409212,221.544006
0260409312,221.544006
0260409412,221.526001
0260409512,221.526001
0260409612,221.526001
0260409712,221.507996
0260409812,221.507996
0260409912,221.507996
0260410012,221.490005
0260410112,221.490005
0260410212,221.472000
0260410312,221.472000
0260410412,221.472000
0260410512,221.453995
0260410612,221.453995
0260410712,221.453995
0260410812,221.436005
0260410912,221.436005
0260411012,221.417999
0260411112,221.417999
0260411212,221.417999
0260411312,221.399994
0260411412,221.399994
0260411512,221.382004
0260411612,221.382004
0260411712,221.382004
0260411812,221.363998
0260411912,221.363998
0260412012,221.363998
0260412112,221.345993
0260412212,221.345993
0260412312,221.328003
0260412412,221.328003
0260412512,221.328003
0260412612,221.309998
0260412712,221.309998
0260412812,221.292007
0260412912,221.292007
0260413012,221.292007
0260413112,221.274002
0260413212,221.274002
0260413312,221.274002
0260413412,221.255997
0260413512,221.255997
0260413612,221.238007
0260413712,221.238007
0260413812,221.238007
0260413912,221.220001
0260414012,221.220001
0260414112,221.201996
0260414212,221.201996
0260414312,221.201996
0260414412,221.184006
0260414512,221.184006
0260414612,221.184006
0260414712,221.166000
0260414812,221.166000
0260414912,221.147995
0260415012,221.147995
0260415112,221.147995
0260415212,221.130005
0260415312,221.130005
0260415412,221.112000
0260415512,221.112000
0260415612,221.112000
0260415712,221.093994
0260415812,221.093994
0260415912,221.093994
0260416012,221.076004
0260416112,221.076004
0260416212,221.057999
0260416312,221.057999
0260416412,221.057999
0260416512,221.039993
0260416612,221.039993
0260416712,221.022003
0260416812,221.022003
0260416912,221.022003
0260417012,221.003998
0260417112,221.003998
0260417212,221.003998
0260417312,220.985992
0260417412,220.985992
0260417512,220.968002
0260417612,220.968002
0260417712,220.968002
0260417812,220.949997
0260417912,220.949997
0260418012,220.932007
0260418112,220.932007
0260418212,220.932007
0260418312,220.914001
0260418412,220.914001
0260418512,220.914001
0260418612,220.895996
0260418712,220.895996
0260418812,220.878006
0260418912,220.878006
0260419012,220.878006
0260419112,220.860001
0260419212,220.860001
0260419312,220.841995
0260419412,220.841995
0260419512,220.841995
0260419612,220.824005
0260419712,220.824005
0260419812,220.806000
0260419912,220.806000
0260420012,220.806000
0260420112,220.787994
0260420212,220.787994
0260420312,220.787994
0260420412,220.770004
0260420512,220.770004
0260420612,220.751999
0260420712,220.751999
0260420812,220.751999
0260420912,220.733994
0260421012,220.733994
0260421112,220.716003
0260421212,220.716003
0260421312,220.716003
0260421412,220.697998
0260421512,220.697998
0260421612,220.679993
0260421712,220.679993
0260421812,220.679993
0260421912,220.662003
0260422012,220.662003
0260422112,220.643997
0260422212,220.643997
0260422312,220.643997
0260422412,220.626007
0260422512,220.626007
0260422612,220.608002
0260422712,220.608002
0260422812,220.608002
0260422912,220.589996
0260423012,220.589996
0260423112,220.589996
0260423212,220.572006
0260423312,220.572006
0260423412,220.554001
0260423512,220.554001
0260423612,220.554001
0260423712,220.535995
0260423812,220.535995
0260423912,220.518005
0260424012,220.518005
0260424112,220.518005
0260424212,220.500000
0260424312,220.500000
0260424412,220.481995
0260424512,220.481995
0260424612,220.481995
0260424712,220.464005
0260424812,220.464005
0260424912,220.464005
0260425012,220.445999
0260425112,220.445999
0260425212,220.427994
0260425312,220.427994
0260425412,220.427994
0260425512,220.410004
0260425612,220.410004
0260425712,220.391998
0260425812,220.391998
0260425912,220.391998
0260426012,220.373993
0260426112,220.373993
0260426212,220.373993
0260426312,220.356003
0260426412,220.356003
0260426512,220.356003
0260426612,220.356003
0260426712,220.356003
0260426812,220.356003
0260426912,220.356003
0260427012,220.356003
0260427112,220.356003
0260427212,220.356003
0260427312,220.356003
0260427412,220.356003
0260427512,220.356003
0260427612,220.356003
0260427712,220.356003
0260427812,220.356003
0260427912,220.356003
0260428012,220.356003
0260428112,220.356003
0260428212,220.356003
0260428312,220.356003
0260428412,220.356003
0260428512,220.356003
0260428612,220.356003
0260428712,220.356003
0260428812,220.356003
0260428912,220.356003
0260429012,220.356003
0260429112,220.356003
0260429212,220.356003
0260429312,220.356003
0260429412,220.356003
0260429512,220.356003
0260429612,220.356003
0260429712,220.356003
0260429812,220.356003
0260429912,220.337997
0260430012,220.302002
0260430112,220.229996
0260430212,220.175995
0260430312,220.104004
0260430412,220.031998
0260430512,219.960007
0260430612,219.888000
0260430712,219.815994
0260430812,219.744003
0260430912,219.690002
0260431012,219.617996
0260431112,219.546005
0260431212,219.473999
0260431312,219.401993
0260431412,219.330002
0260431512,219.257996
0260431612,219.186005
0260431712,219.113998
0260431812,219.059998
0260431912,218.988007
0260432012,218.916000
0260432112,218.843994
0260432212,218.772003
0260432312,218.699997
0260432412,218.628006
0260432512,218.556000
0260432612,218.483994
0260432712,218.412003
0260432812,218.339996
0260432912,218.285995
0260433012,218.214005
0260433112,218.141998
0260433212,218.070007
0260433312,217.998001
0260433412,217.925995
0260433512,217.854004
0260433612,217.781998
0260433712,217.710007
0260433812,217.638000
0260433912,217.584000
0260434012,217.511993
0260434112,217.440002
0260434212,217.367996
0260434312,217.296005
0260434412,217.223999
0260434512,217.151993
0260434612,217.080002
0260434712,217.007996
0260434812,216.936005
0260434912,216.863998
0260435012,216.809998
0260435112,216.738007
0260435212,216.666000
0260435312,216.593994
0260435412,216.522003
0260435512,216.449997
0260435612,216.378006
0260435712,216.306000
0260435812,216.233994
0260435912,216.162003
0260436012,216.089996
0260436112,216.035995
0260436212,215.964005
0260436312,215.891998
0260436412,215.820007
0260436512,215.748001
0260436612,215.675995
0260436712,215.604004
0260436812,215.531998
0260436912,215.477997
0260437012,215.406006
0260437112,215.334000
0260437212,215.261993
0260437312,215.190002
0260437412,215.117996
0260437512,215.046005
0260437612,214.973999
0260437712,214.901993
0260437812,214.848007
0260437912,214.776001
0260438012,214.703995
0260438112,214.632004
0260438212,214.559998
0260438312,214.488007
0260438412,214.416000
0260438512,214.343994
0260438612,214.272003
0260438712,214.199997
0260438812,214.145996
0260438912,214.074005
0260439012,214.001999
0260439112,213.929993
0260439212,213.858002
0260439312,213.785995
0260439412,213.714005
0260439512,213.641998
0260439612,213.570007
0260439712,213.498001
0260439812,213.425995
0260439912,213.371994
0260440012,213.300003
0260440112,213.227997
0260440212,213.156006
0260440312,213.084000
0260440412,213.011993
0260440512,212.940002
0260440612,212.867996
0260440712,212.796005
0260440812,212.723999
0260440912,212.651993
0260441012,212.580002
0260441112,212.526001
0260441212,212.453995
0260441312,212.382004
0260441412,212.309998
0260441512,212.238007
0260441612,212.166000
0260441712,212.093994
0260441812,212.022003
0260441912,211.968002
0260442012,211.895996
0260442112,211.824005
0260442212,211.751999
0260442312,211.679993
0260442412,211.608002
0260442512,211.535995
0260442612,211.464005
0260442712,211.391998
0260442812,211.337997
0260442912,211.266006
0260443012,211.194000
0260443112,211.121994
0260443212,211.050003
0260443312,210.977997
0260443412,210.906006
0260443512,210.834000
0260443612,210.761993
0260443712,210.690002
0260443812,210.636002
0260443912,210.563995
0260444012,210.492004
0260444112,210.419998
0260444212,210.348007
0260444312,210.276001
0260444412,210.203995
0260444512,210.132004
0260444612,210.059998
0260444712,209.988007
0260444812,209.916000
0260444912,209.843994
0260445012,209.789993
0260445112,209.718002
0260445212,209.645996
0260445312,209.574005
0260445412,209.501999
0260445512,209.429993
0260445612,209.358002
0260445712,209.285995
0260445812,209.214005
0260445912,209.141998
0260446012,209.070007
0260446112,209.016006
0260446212,208.944000
0260446312,208.871994
0260446412,208.800003
0260446512,208.727997
0260446612,208.656006
0260446712,208.584000
0260446812,208.511993
0260446912,208.440002
0260447012,208.386002
0260447112,208.313995
0260447212,208.242004
0260447312,208.169998
0260447412,208.098007
0260447512,208.026001
0260447612,207.953995
0260447712,207.882004
0260447812,207.809998
0260447912,207.738007
0260448012,207.684006
0260448112,207.612000
0260448212,207.539993
0260448312,207.468002
0260448412,207.395996
0260448512,207.324005
0260448612,207.251999
0260448712,207.179993
0260448812,207.108002
0260448912,207.035995
0260449012,206.981995
0260449112,206.910004
0260449212,206.837997
0260449312,206.766006
0260449412,206.694000
0260449512,206.621994
0260449612,206.550003
0260449712,206.477997
0260449812,206.423996
0260449912,206.369995
0260450012,206.352005
0260450112,206.334000
0260450212,206.352005
0260450312,206.352005
0260450412,206.352005
0260450512,206.352005
0260450612,206.388000
0260450712,206.423996
0260450812,206.477997
0260450912,206.550003
0260451012,206.604004
0260451112,206.675995
0260451212,206.748001
0260451312,206.820007
0260451412,206.891998
0260451512,206.945999
0260451612,207.018005
0260451712,207.089996
0260451812,207.162003
0260451912,207.233994
0260452012,207.306000
0260452112,207.378006
0260452212,207.449997
0260452312,207.522003
0260452412,207.576004
0260452512,207.647995
0260452612,207.720001
0260452712,207.792007
0260452812,207.863998
0260452912,207.936005
0260453012,208.007996
0260453112,208.080002
0260453212,208.151993
0260453312,208.223999
0260453412,208.278000
0260453512,208.350006
0260453612,208.421997
0260453712,208.494003
0260453812,208.565994
0260453912,208.638000
0260454012,208.710007
0260454112,208.781998
0260454212,208.854004
0260454312,208.925995
0260454412,208.998001
0260454512,209.052002
0260454612,209.123993
0260454712,209.195999
0260454812,209.268005
0260454912,209.339996
0260455012,209.412003
0260455112,209.483994
0260455212,209.556000
0260455312,209.628006
0260455412,209.699997
0260455512,209.753998
0260455612,209.826004
0260455712,209.897995
0260455812,209.970001
0260455912,210.042007
0260456012,210.113998
0260456112,210.186005
0260456212,210.257996
0260456312,210.330002
0260456412,210.401993
0260456512,210.473999
0260456612,210.528000
0260456712,210.600006
0260456812,210.671997
0260456912,210.744003
0260457012,210.815994
0260457112,210.888000
0260457212,210.960007
0260457312,211.031998
0260457412,211.104004
0260457512,211.175995
0260457612,211.248001
0260457712,211.320007
0260457812,211.373993
0260457912,211.445999
0260458012,211.518005
0260458112,211.589996
0260458212,211.662003
0260458312,211.733994
0260458412,211.806000
0260458512,211.878006
0260458612,211.949997
0260458712,212.003998
0260458812,212.076004
0260458912,212.147995
0260459012,212.220001
0260459112,212.292007
0260459212,212.363998
0260459312,212.436005
0260459412,212.507996
0260459512,212.580002
0260459612,212.651993
0260459712,212.723999
0260459812,212.778000
0260459912,212.850006
0260460012,212.921997
0260460112,212.994003
0260460212,213.029999
0260460312,213.048004
0260460412,213.048004
0260460512,213.048004
0260460612,213.048004
0260460712,213.048004
0260460812,213.029999
0260460912,213.011993
0260461012,212.957993
0260461112,212.904007
0260461212,212.832001
0260461312,212.759995
0260461412,212.705994
0260461512,212.634003
0260461612,212.561996
0260461712,212.490005
0260461812,212.417999
0260461912,212.363998
0260462012,212.292007
0260462112,212.220001
0260462212,212.147995
0260462312,212.076004
0260462412,212.003998
0260462512,211.932007
0260462612,211.860001
0260462712,211.787994
0260462812,211.733994
0260462912,211.662003
0260463012,211.589996
0260463112,211.518005
0260463212,211.445999
0260463312,211.373993
0260463412,211.302002
0260463512,211.229996
0260463612,211.158005
0260463712,211.085999
0260463812,211.014008
0260463912,210.960007
0260464012,210.888000
0260464112,210.815994
0260464212,210.744003
0260464312,210.671997
0260464412,210.600006
0260464512,210.528000
0260464612,210.455994
0260464712,210.384003
0260464812,210.311996
0260464912,210.257996
0260465012,210.186005
0260465112,210.113998
0260465212,210.042007
0260465312,209.970001
0260465412,209.897995
0260465512,209.826004
0260465612,209.753998
0260465712,209.682007
0260465812,209.610001
0260465912,209.537994
0260466012,209.466003
0260466112,209.412003
0260466212,209.339996
0260466312,209.268005
0260466412,209.195999
0260466512,209.123993
0260466612,209.052002
0260466712,208.979996
0260466812,208.908005
0260466912,208.835999
0260467012,208.764008
0260467112,208.710007
0260467212,208.638000
0260467312,208.565994
0260467412,208.494003
0260467512,208.421997
0260467612,208.350006
0260467712,208.278000
0260467812,208.205994
0260467912,208.134003
0260468012,208.080002
0260468112,208.007996
0260468212,207.936005
0260468312,207.863998
0260468412,207.792007
0260468512,207.720001
0260468612,207.647995
0260468712,207.576004
0260468812,207.503998
0260468912,207.432007
0260469012,207.378006
0260469112,207.306000
0260469212,207.233994
0260469312,207.162003
0260469412,207.089996
0260469512,207.018005
0260469612,206.945999
0260469712,206.873993
0260469812,206.802002
0260469912,206.729996
0260470012,206.658005
0260470112,206.604004
0260470212,206.531998
0260470312,206.460007
0260470412,206.406006
0260470512,206.369995
0260470612,206.352005
0260470712,206.334000
0260470812,206.334000
0260470912,206.334000
0260471012,206.334000
0260471112,206.334000
0260471212,206.334000
0260471312,206.334000
0260471412,206.334000
0260471512,206.334000
0260471612,206.334000
0260471712,206.334000
0260471812,206.279999
0260471912,206.225998
0260472012,206.154007
0260472112,206.082001
0260472212,206.009995
0260472312,205.938004
0260472412,205.865997
0260472512,205.811996
0260472612,205.740005
0260472712,205.667999
0260472812,205.595993
0260472912,205.524002
0260473012,205.451996
0260473112,205.380005
0260473212,205.307999
0260473312,205.235992
0260473412,205.164001
0260473512,205.110001
0260473612,205.037994
0260473712,204.966003
0260473812,204.893997
0260473912,204.822006
0260474012,204.750000
0260474112,204.677994
0260474212,204.606003
0260474312,204.533997
0260474412,204.479996
0260474512,204.408005
0260474612,204.335999
0260474712,204.264008
0260474812,204.192001
0260474912,204.119995
0260475012,204.048004
0260475112,203.975998
0260475212,203.904007
0260475312,203.832001
0260475412,203.759995
0260475512,203.705994
0260475612,203.634003
0260475712,203.561996
0260475812,203.490005
0260475912,203.417999
0260476012,203.345993
0260476112,203.274002
0260476212,203.201996
0260476312,203.130005
0260476412,203.057999
0260476512,202.985992
0260476612,202.932007
0260476712,202.860001
0260476812,202.787994
0260476912,202.716003
0260477012,202.643997
0260477112,202.572006
0260477212,202.500000
0260477312,202.427994
0260477412,202.356003
0260477512,202.283997
0260477612,202.212006
0260477712,202.158005
0260477812,202.085999
0260477912,202.014008
0260478012,201.942001
0260478112,201.869995
0260478212,201.798004
0260478312,201.725998
0260478412,201.654007
0260478512,201.582001
0260478612,201.509995
0260478712,201.455994
0260478812,201.384003
0260478912,201.311996
0260479012,201.240005
0260479112,201.167999
0260479212,201.095993
0260479312,201.024002
0260479412,200.951996
0260479512,200.880005
0260479612,200.826004
0260479712,200.753998
0260479812,200.682007
0260479912,200.610001
0260480012,200.537994
0260480112,200.466003
0260480212,200.393997
0260480312,200.322006
0260480412,200.250000
0260480512,200.177994
0260480612,200.106003
0260480712,200.033997
0260480812,199.979996
0260480912,199.908005
0260481012,199.835999
0260481112,199.764008
0260481212,199.692001
0260481312,199.619995
0260481412,199.548004
0260481512,199.475998
0260481612,199.404007
0260481712,199.367996
0260481812,199.332001
0260481912,199.313995
0260482012,199.313995
0260482112,199.313995
0260482212,199.313995
0260482312,199.313995
0260482412,199.313995
0260482512,199.313995
0260482612,199.313995
0260482712,199.313995
0260482812,199.313995
0260482912,199.296005
0260483012,199.296005
0260483112,199.242004
0260483212,199.188004
0260483312,199.115997
0260483412,199.044006
0260483512,198.972000
0260483612,198.899994
0260483712,198.828003
0260483812,198.755997
0260483912,198.684006
0260484012,198.630005
0260484112,198.557999
0260484212,198.485992
0260484312,198.414001
0260484412,198.341995
0260484512,198.270004
0260484612,198.197998
0260484712,198.126007
0260484812,198.054001
0260484912,197.981995
0260485012,197.927994
0260485112,197.856003
0260485212,197.783997
0260485312,197.712006
0260485412,197.639999
0260485512,197.567993
0260485612,197.496002
0260485712,197.423996
0260485812,197.352005
0260485912,197.298004
0260486012,197.225998
0260486112,197.154007
0260486212,197.082001
0260486312,197.009995
0260486412,196.938004
0260486512,196.865997
0260486612,196.794006
0260486712,196.722000
0260486812,196.649994
0260486912,196.595993
0260487012,196.524002
0260487112,196.451996
0260487212,196.380005
0260487312,196.307999
0260487412,196.235992
0260487512,196.164001
0260487612,196.091995
0260487712,196.020004
0260487812,195.947998
0260487912,195.876007
0260488012,195.822006
0260488112,195.750000
0260488212,195.677994
0260488312,195.606003
0260488412,195.533997
0260488512,195.462006
0260488612,195.389999
0260488712,195.317993
0260488812,195.246002
0260488912,195.173996
0260489012,195.102005
0260489112,195.029999
0260489212,194.957993
0260489312,194.904007
0260489412,194.832001
0260489512,194.759995
0260489612,194.688004
0260489712,194.615997
0260489812,194.544006
0260489912,194.472000
0260490012,194.399994
0260490112,194.328003
0260490212,194.274002
0260490312,194.201996
0260490412,194.130005
0260490512,194.057999
0260490612,193.985992
0260490712,193.914001
0260490812,193.841995
0260490912,193.770004
0260491012,193.716003
0260491112,193.643997
0260491212,193.572006
0260491312,193.500000
0260491412,193.427994
0260491512,193.356003
0260491612,193.283997
0260491712,193.212006
0260491812,193.139999
0260491912,193.067993
0260492012,193.014008
0260492112,192.942001
0260492212,192.869995
0260492312,192.798004
0260492412,192.725998
0260492512,192.654007
0260492612,192.582001
0260492712,192.509995
0260492812,192.438004
0260492912,192.365997
0260493012,192.330002
0260493112,192.294006
0260493212,192.294006
0260493312,192.294006
0260493412,192.294006
0260493512,192.294006
0260493612,192.294006
0260493712,192.276001
0260493812,192.276001
0260493912,192.276001
0260494012,192.276001
0260494112,192.276001
0260494212,192.276001
0260494312,192.257996
0260494412,192.203995
0260494512,192.132004
0260494612,192.059998
0260494712,191.988007
0260494812,191.934006
0260494912,191.862000
0260495012,191.789993
0260495112,191.718002
0260495212,191.645996
0260495312,191.574005
0260495412,191.501999
0260495512,191.429993
0260495612,191.358002
0260495712,191.285995
0260495812,191.231995
0260495912,191.160004
0260496012,191.087997
0260496112,191.016006
0260496212,190.944000
0260496312,190.871994
0260496412,190.800003
0260496512,190.727997
0260496612,190.656006
0260496712,190.584000
0260496812,190.529999
0260496912,190.457993
0260497012,190.386002
0260497112,190.313995
0260497212,190.242004
0260497312,190.169998
0260497412,190.098007
0260497512,190.026001
0260497612,189.972000
0260497712,189.899994
0260497812,189.828003
0260497912,189.755997
0260498012,189.684006
0260498112,189.612000
0260498212,189.539993
0260498312,189.468002
0260498412,189.395996
0260498512,189.324005
0260498612,189.251999
0260498712,189.197998
0260498812,189.126007
0260498912,189.054001
0260499012,188.981995
0260499112,188.910004
0260499212,188.837997
0260499312,188.766006
0260499412,188.694000
0260499512,188.621994
0260499612,188.550003
0260499712,188.477997
0260499812,188.406006
0260499912,188.352005
0260500012,188.279999
0260500112,188.207993
0260500212,188.136002
0260500312,188.063995
0260500412,187.992004
0260500512,187.919998
0260500612,187.848007
0260500712,187.776001
0260500812,187.703995
0260500912,187.632004
0260501012,187.559998
0260501112,187.505997
0260501212,187.434006
0260501312,187.362000
0260501412,187.289993
0260501512,187.218002
0260501612,187.145996
0260501712,187.074005
0260501812,187.001999
0260501912,186.929993
0260502012,186.876007
0260502112,186.804001
0260502212,186.731995
0260502312,186.660004
0260502412,186.587997
0260502512,186.516006
0260502612,186.444000
0260502712,186.371994
0260502812,186.300003
0260502912,186.227997
0260503012,186.173996
0260503112,186.102005
0260503212,186.029999
0260503312,185.957993
0260503412,185.886002
0260503512,185.813995
0260503612,185.742004
0260503712,185.669998
0260503812,185.598007
0260503912,185.526001
0260504012,185.472000
0260504112,185.399994
0260504212,185.328003
0260504312,185.292007
0260504412,185.255997
0260504512,185.255997
0260504612,185.255997
0260504712,185.255997
0260504812,185.255997
0260504912,185.255997
0260505012,185.255997
0260505112,185.255997
0260505212,185.255997
0260505312,185.255997
0260505412,185.255997
0260505512,185.255997
0260505612,185.255997
0260505712,185.255997
0260505812,185.255997
0260505912,185.274002
0260506012,185.292007
0260506112,185.328003
0260506212,185.382004
0260506312,185.453995
0260506412,185.526001
0260506512,185.580002
0260506612,185.651993
0260506712,185.723999
0260506812,185.796005
0260506912,185.850006
0260507012,185.921997
0260507112,185.994003
0260507212,186.065994
0260507312,186.138000
0260507412,186.210007
0260507512,186.281998
0260507612,186.354004
0260507712,186.425995
0260507812,186.498001
0260507912,186.552002
0260508012,186.623993
0260508112,186.695999
0260508212,186.768005
0260508312,186.839996
0260508412,186.912003
0260508512,186.983994
0260508612,187.056000
0260508712,187.128006
0260508812,187.199997
0260508912,187.272003
0260509012,187.326004
0260509112,187.397995
0260509212,187.470001
0260509312,187.542007
0260509412,187.613998
0260509512,187.686005
0260509612,187.757996
0260509712,187.830002
0260509812,187.901993
0260509912,187.973999
0260510012,188.028000
0260510112,188.100006
0260510212,188.171997
0260510312,188.244003
0260510412,188.315994
0260510512,188.388000
0260510612,188.460007
0260510712,188.531998
0260510812,188.604004
0260510912,188.675995
0260511012,188.748001
0260511112,188.802002
0260511212,188.873993
0260511312,188.945999
0260511412,189.018005
0260511512,189.089996
0260511612,189.162003
0260511712,189.233994
0260511812,189.306000
0260511912,189.378006
0260512012,189.449997
0260512112,189.522003
0260512212,189.576004
0260512312,189.647995
0260512412,189.720001
0260512512,189.792007
0260512612,189.863998
0260512712,189.936005
0260512812,190.007996
0260512912,190.080002
0260513012,190.151993
0260513112,190.223999
0260513212,190.296005
0260513312,190.350006
0260513412,190.421997
0260513512,190.494003
0260513612,190.565994
0260513712,190.638000
0260513812,190.710007
0260513912,190.781998
0260514012,190.854004
0260514112,190.925995
0260514212,190.998001
0260514312,191.070007
0260514412,191.123993
0260514512,191.195999
0260514612,191.268005
0260514712,191.339996
0260514812,191.412003
0260514912,191.483994
0260515012,191.556000
0260515112,191.628006
0260515212,191.699997
0260515312,191.772003
0260515412,191.826004
0260515512,191.897995
0260515612,191.934006
0260515712,191.951996
0260515812,191.951996
0260515912,191.951996
0260516012,191.951996
0260516112,191.951996
0260516212,191.951996
0260516312,191.951996
0260516412,191.951996
0260516512,191.951996
0260516612,191.951996
0260516712,191.951996
0260516812,191.970001
0260516912,192.005997
0260517012,192.059998
0260517112,192.132004
0260517212,192.203995
0260517312,192.276001
0260517412,192.348007
0260517512,192.419998
0260517612,192.473999
0260517712,192.546005
0260517812,192.617996
0260517912,192.690002
0260518012,192.761993
0260518112,192.834000
0260518212,192.906006
0260518312,192.977997
0260518412,193.050003
0260518512,193.121994
0260518612,193.194000
0260518712,193.248001
0260518812,193.320007
0260518912,193.391998
0260519012,193.464005
0260519112,193.535995
0260519212,193.608002
0260519312,193.679993
0260519412,193.751999
0260519512,193.824005
0260519612,193.895996
0260519712,193.968002
0260519812,194.022003
0260519912,194.093994
0260520012,194.166000
0260520112,194.238007
0260520212,194.309998
0260520312,194.382004
0260520412,194.453995
0260520512,194.526001
0260520612,194.598007
0260520712,194.669998
0260520812,194.723999
0260520912,194.796005
0260521012,194.867996
0260521112,194.940002
0260521212,195.011993
0260521312,195.084000
0260521412,195.156006
0260521512,195.227997
0260521612,195.300003
0260521712,195.371994
0260521812,195.444000
0260521912,195.498001
0260522012,195.570007
0260522112,195.641998
0260522212,195.714005
0260522312,195.785995
0260522412,195.858002
0260522512,195.929993
0260522612,196.001999
0260522712,196.074005
0260522812,196.145996
0260522912,196.218002
0260523012,196.272003
0260523112,196.343994
0260523212,196.416000
0260523312,196.488007
0260523412,196.559998
0260523512,196.632004
0260523612,196.703995
0260523712,196.776001
0260523812,196.848007
0260523912,196.919998
0260524012,196.992004
0260524112,197.063995
0260524212,197.117996
0260524312,197.190002
0260524412,197.261993
0260524512,197.334000
0260524612,197.406006
0260524712,197.477997
0260524812,197.550003
0260524912,197.621994
0260525012,197.694000
0260525112,197.766006
0260525212,197.820007
0260525312,197.891998
0260525412,197.964005
0260525512,198.035995
0260525612,198.108002
0260525712,198.179993
0260525812,198.251999
0260525912,198.324005
0260526012,198.395996
0260526112,198.468002
0260526212,198.539993
0260526312,198.593994
0260526412,198.666000
0260526512,198.738007
0260526612,198.809998
0260526712,198.882004
0260526812,198.936005
0260526912,198.972000
0260527012,198.990005
0260527112,198.990005
0260527212,198.990005
0260527312,198.990005
0260527412,198.990005
0260527512,198.990005
0260527612,198.990005
0260527712,198.990005
0260527812,198.990005
0260527912,198.990005
0260528012,198.990005
0260528112,199.007996
0260528212,199.044006
0260528312,199.115997
0260528412,199.169998
0260528512,199.242004
0260528612,199.313995
0260528712,199.386002
0260528812,199.457993
0260528912,199.529999
0260529012,199.602005
0260529112,199.673996
0260529212,199.746002
0260529312,199.817993
0260529412,199.889999
0260529512,199.962006
0260529612,200.016006
0260529712,200.087997
0260529812,200.160004
0260529912,200.231995
0260530012,200.304001
0260530112,200.376007
0260530212,200.447998
0260530312,200.520004
0260530412,200.591995
0260530512,200.664001
0260530612,200.735992
0260530712,200.807999
0260530812,200.862000
0260530912,200.934006
0260531012,201.005997
0260531112,201.078003
0260531212,201.149994
0260531312,201.222000
0260531412,201.294006
0260531512,201.365997
0260531612,201.438004
0260531712,201.509995
0260531812,201.563995
0260531912,201.636002
0260532012,201.707993
0260532112,201.779999
0260532212,201.852005
0260532312,201.923996
0260532412,201.996002
0260532512,202.067993
0260532612,202.139999
0260532712,202.212006
0260532812,202.266006
0260532912,202.337997
0260533012,202.410004
0260533112,202.481995
0260533212,202.554001
0260533312,202.626007
0260533412,202.697998
0260533512,202.770004
0260533612,202.841995
0260533712,202.914001
0260533812,202.985992
0260533912,203.039993
0260534012,203.112000
0260534112,203.184006
0260534212,203.255997
0260534312,203.328003
0260534412,203.399994
0260534512,203.472000
0260534612,203.544006
0260534712,203.615997
0260534812,203.688004
0260534912,203.759995
0260535012,203.813995
0260535112,203.886002
0260535212,203.957993
0260535312,204.029999
0260535412,204.102005
0260535512,204.173996
0260535612,204.246002
0260535712,204.317993
0260535812,204.389999
0260535912,204.462006
0260536012,204.516006
0260536112,204.587997
0260536212,204.660004
0260536312,204.731995
0260536412,204.804001
0260536512,204.876007
0260536612,204.947998
0260536712,205.020004
0260536812,205.091995
0260536912,205.164001
0260537012,205.235992
0260537112,205.289993
0260537212,205.362000
0260537312,205.434006
0260537412,205.505997
0260537512,205.578003
0260537612,205.649994
0260537712,205.722000
0260537812,205.794006
0260537912,205.865997
0260538012,205.919998
0260538112,205.973999
0260538212,206.009995
0260538312,206.028000
0260538412,206.028000
0260538512,206.028000
0260538612,206.028000
0260538712,206.028000
0260538812,206.028000
0260538912,206.028000
0260539012,206.028000
0260539112,206.028000
0260539212,206.028000
0260539312,206.028000
0260539412,206.046005
0260539512,206.100006
0260539612,206.171997
0260539712,206.225998
0260539812,206.298004
0260539912,206.369995
0260540012,206.442001
0260540112,206.514008
0260540212,206.585999
0260540312,206.658005
0260540412,206.729996
0260540512,206.802002
0260540612,206.873993
0260540712,206.945999
0260540812,207.000000
0260540912,207.072006
0260541012,207.143997
0260541112,207.216003
0260541212,207.287994
0260541312,207.360001
0260541412,207.432007
0260541512,207.503998
0260541612,207.576004
0260541712,207.647995
0260541812,207.720001
0260541912,207.792007
0260542012,207.845993
0260542112,207.917999
0260542212,207.990005
0260542312,208.061996
0260542412,208.134003
0260542512,208.205994
0260542612,208.278000
0260542712,208.350006
0260542812,208.421997
0260542912,208.475998
0260543012,208.548004
0260543112,208.619995
0260543212,208.692001
0260543312,208.764008
0260543412,208.835999
0260543512,208.908005
0260543612,208.979996
0260543712,209.052002
0260543812,209.123993
0260543912,209.195999
0260544012,209.250000
0260544112,209.322006
0260544212,209.393997
0260544312,209.466003
0260544412,209.537994
0260544512,209.610001
0260544612,209.682007
0260544712,209.753998
0260544812,209.826004
0260544912,209.897995
0260545012,209.951996
0260545112,210.024002
0260545212,210.095993
0260545312,210.167999
0260545412,210.240005
0260545512,210.311996
0260545612,210.384003
0260545712,210.455994
0260545812,210.528000
0260545912,210.600006
0260546012,210.671997
0260546112,210.744003
0260546212,210.798004
0260546312,210.869995
0260546412,210.942001
0260546512,211.014008
0260546612,211.085999
0260546712,211.158005
0260546812,211.229996
0260546912,211.302002
0260547012,211.373993
0260547112,211.445999
0260547212,211.500000
0260547312,211.572006
0260547412,211.643997
0260547512,211.716003
0260547612,211.787994
0260547712,211.860001
0260547812,211.932007
0260547912,212.003998
0260548012,212.076004
0260548112,212.147995
0260548212,212.201996
0260548312,212.274002
0260548412,212.345993
0260548512,212.417999
0260548612,212.490005
0260548712,212.561996
0260548812,212.634003
0260548912,212.705994
0260549012,212.778000
0260549112,212.850006
0260549212,212.921997
0260549312,212.975998
0260549412,213.029999
0260549512,213.048004
0260549612,213.048004
0260549712,213.048004
0260549812,213.048004
0260549912,213.065994
0260550012,213.065994
0260550112,213.065994
0260550212,213.065994
0260550312,213.065994
0260550412,213.065994
0260550512,213.065994
0260550612,213.065994
0260550712,213.048004
0260550812,213.048004
0260550912,213.048004
0260551012,213.048004
0260551112,213.011993
0260551212,212.975998
0260551312,212.921997
0260551412,212.850006
0260551512,212.778000
0260551612,212.723999
0260551712,212.651993
0260551812,212.580002
0260551912,212.507996
0260552012,212.436005
0260552112,212.363998
0260552212,212.309998
0260552312,212.238007
0260552412,212.166000
0260552512,212.093994
0260552612,212.022003
0260552712,211.949997
0260552812,211.878006
0260552912,211.806000
0260553012,211.733994
0260553112,211.679993
0260553212,211.608002
0260553312,211.535995
0260553412,211.464005
0260553512,211.391998
0260553612,211.320007
0260553712,211.248001
0260553812,211.175995
0260553912,211.104004
0260554012,211.031998
0260554112,210.977997
0260554212,210.906006
0260554312,210.834000
0260554412,210.761993
0260554512,210.690002
0260554612,210.617996
0260554712,210.546005
0260554812,210.473999
0260554912,210.401993
0260555012,210.330002
0260555112,210.257996
0260555212,210.203995
0260555312,210.132004
0260555412,210.059998
0260555512,209.988007
0260555612,209.916000
0260555712,209.843994
0260555812,209.772003
0260555912,209.699997
0260556012,209.628006
0260556112,209.556000
0260556212,209.483994
0260556312,209.429993
0260556412,209.358002
0260556512,209.285995
0260556612,209.214005
0260556712,209.141998
0260556812,209.070007
0260556912,208.998001
0260557012,208.925995
0260557112,208.854004
0260557212,208.781998
0260557312,208.710007
0260557412,208.656006
0260557512,208.584000
0260557612,208.511993
0260557712,208.440002
0260557812,208.367996
0260557912,208.296005
0260558012,208.223999
0260558112,208.151993
0260558212,208.098007
0260558312,208.026001
0260558412,207.953995
0260558512,207.882004
0260558612,207.809998
0260558712,207.738007
0260558812,207.666000
0260558912,207.593994
0260559012,207.522003
0260559112,207.449997
0260559212,207.378006
0260559312,207.324005
0260559412,207.251999
0260559512,207.179993
0260559612,207.108002
0260559712,207.035995
0260559812,206.964005
0260559912,206.891998
0260560012,206.820007
0260560112,206.748001
0260560212,206.675995
0260560312,206.621994
0260560412,206.550003
0260560512,206.477997
0260560612,206.406006
0260560712,206.369995
0260560812,206.352005
0260560912,206.334000
0260561012,206.334000
0260561112,206.334000
0260561212,206.334000
0260561312,206.334000
0260561412,206.334000
0260561512,206.334000
0260561612,206.334000
0260561712,206.334000
0260561812,206.334000
0260561912,206.334000
0260562012,206.298004
0260562112,206.244003
0260562212,206.171997
0260562312,206.100006
0260562412,206.028000
0260562512,205.955994
0260562612,205.901993
0260562712,205.830002
0260562812,205.757996
0260562912,205.686005
0260563012,205.613998
0260563112,205.542007
0260563212,205.470001
0260563312,205.397995
0260563412,205.326004
0260563512,205.253998
0260563612,205.199997
0260563712,205.128006
0260563812,205.056000
0260563912,204.983994
0260564012,204.912003
0260564112,204.839996
0260564212,204.768005
0260564312,204.695999
0260564412,204.623993
0260564512,204.570007
0260564612,204.498001
0260564712,204.425995
0260564812,204.354004
0260564912,204.281998
0260565012,204.210007
0260565112,204.138000
0260565212,204.065994
0260565312,203.994003
0260565412,203.921997
0260565512,203.867996
0260565612,203.796005
0260565712,203.723999
0260565812,203.651993
0260565912,203.580002
0260566012,203.507996
0260566112,203.436005
0260566212,203.363998
0260566312,203.292007
0260566412,203.220001
0260566512,203.147995
0260566612,203.093994
0260566712,203.022003
0260566812,202.949997
0260566912,202.878006
0260567012,202.806000
0260567112,202.733994
0260567212,202.662003
0260567312,202.589996
0260567412,202.518005
0260567512,202.445999
0260567612,202.373993
0260567712,202.320007
0260567812,202.248001
0260567912,202.175995
0260568012,202.104004
0260568112,202.031998
0260568212,201.960007
0260568312,201.888000
0260568412,201.815994
0260568512,201.744003
0260568612,201.671997
0260568712,201.600006
0260568812,201.546005
0260568912,201.473999
0260569012,201.401993
0260569112,201.330002
0260569212,201.257996
0260569312,201.186005
0260569412,201.113998
0260569512,201.042007
0260569612,200.970001
0260569712,200.916000
0260569812,200.843994
0260569912,200.772003
0260570012,200.699997
0260570112,200.628006
0260570212,200.556000
0260570312,200.483994
0260570412,200.412003
0260570512,200.339996
0260570612,200.268005
0260570712,200.214005
0260570812,200.141998
0260570912,200.070007
0260571012,199.998001
0260571112,199.925995
0260571212,199.854004
0260571312,199.781998
0260571412,199.710007
0260571512,199.638000
0260571612,199.565994
0260571712,199.494003
0260571812,199.421997
0260571912,199.367996
0260572012,199.332001
0260572112,199.313995
0260572212,199.313995
0260572312,199.313995
0260572412,199.313995
0260572512,199.313995
0260572612,199.313995
0260572712,199.313995
0260572812,199.313995
0260572912,199.313995
0260573012,199.313995
0260573112,199.296005
0260573212,199.296005
0260573312,199.259995
0260573412,199.205994
0260573512,199.134003
0260573612,199.061996
0260573712,198.990005
0260573812,198.917999
0260573912,198.845993
0260574012,198.774002
0260574112,198.701996
0260574212,198.630005
0260574312,198.557999
0260574412,198.503998
0260574512,198.432007
0260574612,198.360001
0260574712,198.287994
0260574812,198.216003
0260574912,198.143997
0260575012,198.072006
0260575112,198.000000
0260575212,197.927994
0260575312,197.856003
0260575412,197.783997
0260575512,197.729996
0260575612,197.658005
0260575712,197.585999
0260575812,197.514008
0260575912,197.442001
0260576012,197.369995
0260576112,197.298004
0260576212,197.225998
0260576312,197.171997
0260576412,197.100006
0260576512,197.028000
0260576612,196.955994
0260576712,196.884003
0260576812,196.811996
0260576912,196.740005
0260577012,196.667999
0260577112,196.595993
0260577212,196.524002
0260577312,196.451996
0260577412,196.397995
0260577512,196.326004
0260577612,196.253998
0260577712,196.182007
0260577812,196.110001
0260577912,196.037994
0260578012,195.966003
0260578112,195.893997
0260578212,195.822006
0260578312,195.750000
0260578412,195.677994
0260578512,195.623993
0260578612,195.552002
0260578712,195.479996
0260578812,195.408005
0260578912,195.335999
0260579012,195.264008
0260579112,195.192001
0260579212,195.119995
0260579312,195.048004
0260579412,194.975998
0260579512,194.904007
0260579612,194.832001
0260579712,194.759995
0260579812,194.705994
0260579912,194.634003
0260580012,194.561996
0260580112,194.490005
0260580212,194.417999
0260580312,194.345993
0260580412,194.274002
0260580512,194.201996
0260580612,194.147995
0260580712,194.076004
0260580812,194.003998
0260580912,193.932007
0260581012,193.860001
0260581112,193.787994
0260581212,193.716003
0260581312,193.643997
0260581412,193.572006
0260581512,193.518005
0260581612,193.445999
0260581712,193.373993
0260581812,193.302002
0260581912,193.229996
0260582012,193.158005
0260582112,193.085999
0260582212,193.014008
0260582312,192.942001
0260582412,192.869995
0260582512,192.815994
0260582612,192.744003
0260582712,192.671997
0260582812,192.600006
0260582912,192.528000
0260583012,192.455994
0260583112,192.384003
0260583212,192.330002
0260583312,192.294006
0260583412,192.294006
0260583512,192.294006
0260583612,192.294006
0260583712,192.294006
0260583812,192.294006
0260583912,192.294006
0260584012,192.276001
0260584112,192.276001
0260584212,192.276001
0260584312,192.276001
0260584412,192.276001
0260584512,192.257996
0260584612,192.222000
0260584712,192.149994
0260584812,192.095993
0260584912,192.024002
0260585012,191.951996
0260585112,191.880005
0260585212,191.807999
0260585312,191.735992
0260585412,191.664001
0260585512,191.591995
0260585612,191.520004
0260585712,191.447998
0260585812,191.393997
0260585912,191.322006
0260586012,191.250000
0260586112,191.177994
0260586212,191.106003
0260586312,191.033997
0260586412,190.962006
0260586512,190.889999
0260586612,190.817993
0260586712,190.746002
0260586812,190.673996
0260586912,190.619995
0260587012,190.548004
0260587112,190.475998
0260587212,190.404007
0260587312,190.332001
0260587412,190.259995
0260587512,190.188004
0260587612,190.134003
0260587712,190.061996
0260587812,189.990005
0260587912,189.917999
0260588012,189.845993
0260588112,189.774002
0260588212,189.701996
0260588312,189.630005
0260588412,189.557999
0260588512,189.485992
0260588612,189.414001
0260588712,189.360001
0260588812,189.287994
0260588912,189.216003
0260589012,189.143997
0260589112,189.072006
0260589212,189.000000
0260589312,188.927994
0260589412,188.856003
0260589512,188.783997
0260589612,188.712006
0260589712,188.639999
0260589812,188.567993
0260589912,188.514008
0260590012,188.442001
0260590112,188.369995
0260590212,188.298004
0260590312,188.225998
0260590412,188.154007
0260590512,188.082001
0260590612,188.009995
0260590712,187.938004
0260590812,187.865997
0260590912,187.794006
0260591012,187.722000
0260591112,187.667999
0260591212,187.595993
0260591312,187.524002
0260591412,187.451996
0260591512,187.380005
0260591612,187.307999
0260591712,187.235992
0260591812,187.164001
0260591912,187.091995
0260592012,187.037994
0260592112,186.966003
0260592212,186.893997
0260592312,186.822006
0260592412,186.750000
0260592512,186.677994
0260592612,186.606003
0260592712,186.533997
0260592812,186.462006
0260592912,186.389999
0260593012,186.335999
0260593112,186.264008
0260593212,186.192001
0260593312,186.119995
0260593412,186.048004
0260593512,185.975998
0260593612,185.904007
0260593712,185.832001
0260593812,185.759995
0260593912,185.688004
0260594012,185.634003
0260594112,185.561996
0260594212,185.490005
0260594312,185.417999
0260594412,185.345993
0260594512,185.292007
0260594612,185.274002
0260594712,185.255997
0260594812,185.255997
0260594912,185.255997
0260595012,185.255997
0260595112,185.255997
0260595212,185.255997
0260595312,185.255997
0260595412,185.255997
0260595512,185.255997
0260595612,185.255997
0260595712,185.255997
0260595812,185.255997
0260595912,185.255997
0260596012,185.255997
0260596112,185.255997
0260596212,185.292007
0260596312,185.328003
0260596412,185.382004
0260596512,185.436005
0260596612,185.507996
0260596712,185.561996
0260596812,185.634003
0260596912,185.705994
0260597012,185.778000
0260597112,185.832001
0260597212,185.904007
0260597312,185.975998
0260597412,186.048004
0260597512,186.119995
0260597612,186.192001
0260597712,186.264008
0260597812,186.335999
0260597912,186.408005
0260598012,186.462006
0260598112,186.533997
0260598212,186.606003
0260598312,186.677994
0260598412,186.750000
0260598512,186.822006
0260598612,186.893997
0260598712,186.966003
0260598812,187.037994
0260598912,187.110001
0260599012,187.182007
0260599112,187.235992
0260599212,187.307999
0260599312,187.380005
0260599412,187.451996
0260599512,187.524002
0260599612,187.595993
0260599712,187.667999
0260599812,187.740005
0260599912,187.811996
0260600012,187.884003
0260600112,187.938004
0260600212,188.009995
0260600312,188.082001
0260600412,188.154007
0260600512,188.225998
0260600612,188.298004
0260600712,188.369995
0260600812,188.442001
0260600912,188.514008
0260601012,188.585999
0260601112,188.658005
0260601212,188.712006
0260601312,188.783997
0260601412,188.856003
0260601512,188.927994
0260601612,189.000000
0260601712,189.072006
0260601812,189.143997
0260601912,189.216003
0260602012,189.287994
0260602112,189.360001
0260602212,189.432007
0260602312,189.485992
0260602412,189.557999
0260602512,189.630005
0260602612,189.701996
0260602712,189.774002
0260602812,189.845993
0260602912,189.917999
0260603012,189.990005
0260603112,190.061996
0260603212,190.134003
0260603312,190.205994
0260603412,190.259995
0260603512,190.332001
0260603612,190.404007
0260603712,190.475998
0260603812,190.548004
0260603912,190.619995
0260604012,190.692001
0260604112,190.764008
0260604212,190.835999
0260604312,190.908005
0260604412,190.979996
0260604512,191.033997
0260604612,191.106003
0260604712,191.177994
0260604812,191.250000
0260604912,191.322006
0260605012,191.393997
0260605112,191.466003
0260605212,191.537994
0260605312,191.610001
0260605412,191.682007
0260605512,191.735992
0260605612,191.807999
0260605712,191.880005
0260605812,191.916000
0260605912,191.951996
0260606012,191.951996
0260606112,191.951996
0260606212,191.951996
0260606312,191.951996
0260606412,191.951996
0260606512,191.951996
0260606612,191.951996
0260606712,191.951996
0260606812,191.951996
0260606912,191.951996
0260607012,191.970001
0260607112,191.988007
0260607212,192.042007
0260607312,192.113998
0260607412,192.186005
0260607512,192.257996
0260607612,192.330002
0260607712,192.401993
0260607812,192.473999
0260607912,192.546005
0260608012,192.617996
0260608112,192.690002
0260608212,192.744003
0260608312,192.815994
0260608412,192.888000
0260608512,192.960007
0260608612,193.031998
0260608712,193.104004
0260608812,193.175995
0260608912,193.248001
0260609012,193.320007
0260609112,193.391998
0260609212,193.464005
0260609312,193.518005
0260609412,193.589996
0260609512,193.662003
0260609612,193.733994
0260609712,193.806000
0260609812,193.878006
0260609912,193.949997
0260610012,194.022003
0260610112,194.093994
0260610212,194.166000
0260610312,194.220001
0260610412,194.292007
0260610512,194.363998
0260610612,194.436005
0260610712,194.507996
0260610812,194.580002
0260610912,194.651993
0260611012,194.723999
0260611112,194.796005
0260611212,194.867996
0260611312,194.940002
0260611412,194.994003
0260611512,195.065994
0260611612,195.138000
0260611712,195.210007
0260611812,195.281998
0260611912,195.354004
0260612012,195.425995
0260612112,195.498001
0260612212,195.570007
0260612312,195.641998
0260612412,195.714005
0260612512,195.768005
0260612612,195.839996
0260612712,195.912003
0260612812,195.983994
0260612912,196.056000
0260613012,196.128006
0260613112,196.199997
0260613212,196.272003
0260613312,196.343994
0260613412,196.416000
0260613512,196.488007
0260613612,196.542007
0260613712,196.613998
0260613812,196.686005
0260613912,196.757996
0260614012,196.830002
0260614112,196.901993
0260614212,196.973999
0260614312,197.046005
0260614412,197.117996
0260614512,197.190002
0260614612,197.261993
0260614712,197.315994
0260614812,197.388000
0260614912,197.460007
0260615012,197.531998
0260615112,197.604004
0260615212,197.675995
0260615312,197.748001
0260615412,197.820007
0260615512,197.891998
0260615612,197.964005
0260615712,198.035995
0260615812,198.108002
0260615912,198.162003
0260616012,198.233994
0260616112,198.306000
0260616212,198.378006
0260616312,198.449997
0260616412,198.522003
0260616512,198.593994
0260616612,198.666000
0260616712,198.738007
0260616812,198.792007
0260616912,198.863998
0260617012,198.936005
0260617112,198.972000
0260617212,198.990005
0260617312,198.990005
0260617412,198.990005
0260617512,198.990005
0260617612,198.990005
0260617712,198.990005
0260617812,198.990005
0260617912,198.990005
0260618012,198.990005
0260618112,198.990005
0260618212,198.990005
0260618312,199.007996
0260618412,199.044006
0260618512,199.098007
0260618612,199.169998
0260618712,199.242004
0260618812,199.313995
0260618912,199.386002
0260619012,199.457993
0260619112,199.529999
0260619212,199.602005
0260619312,199.673996
0260619412,199.746002
0260619512,199.817993
0260619612,199.871994
0260619712,199.944000
0260619812,200.016006
0260619912,200.087997
0260620012,200.160004
0260620112,200.231995
0260620212,200.304001
0260620312,200.376007
0260620412,200.447998
0260620512,200.520004
0260620612,200.591995
0260620712,200.664001
0260620812,200.718002
0260620912,200.789993
0260621012,200.862000
0260621112,200.934006
0260621212,201.005997
0260621312,201.078003
0260621412,201.149994
0260621512,201.222000
0260621612,201.294006
0260621712,201.348007
0260621812,201.419998
0260621912,201.492004
0260622012,201.563995
0260622112,201.636002
0260622212,201.707993
0260622312,201.779999
0260622412,201.852005
0260622512,201.923996
0260622612,201.996002
0260622712,202.067993
0260622812,202.121994
0260622912,202.194000
0260623012,202.266006
0260623112,202.337997
0260623212,202.410004
0260623312,202.481995
0260623412,202.554001
0260623512,202.626007
0260623612,202.697998
0260623712,202.770004
0260623812,202.824005
0260623912,202.895996
0260624012,202.968002
0260624112,203.039993
0260624212,203.112000
0260624312,203.184006
0260624412,203.255997
0260624512,203.328003
0260624612,203.399994
0260624712,203.472000
0260624812,203.544006
0260624912,203.615997
0260625012,203.688004
0260625112,203.742004
0260625212,203.813995
0260625312,203.886002
0260625412,203.957993
0260625512,204.029999
0260625612,204.102005
0260625712,204.173996
0260625812,204.246002
0260625912,204.317993
0260626012,204.371994
0260626112,204.444000
0260626212,204.516006
0260626312,204.587997
0260626412,204.660004
0260626512,204.731995
0260626612,204.804001
0260626712,204.876007
0260626812,204.947998
0260626912,205.020004
0260627012,205.091995
0260627112,205.164001
0260627212,205.218002
0260627312,205.289993
0260627412,205.362000
0260627512,205.434006
0260627612,205.505997
0260627712,205.578003
0260627812,205.649994
0260627912,205.722000
0260628012,205.794006
0260628112,205.848007
0260628212,205.919998
0260628312,205.973999
0260628412,206.009995
0260628512,206.028000
0260628612,206.028000
0260628712,206.028000
0260628812,206.028000
0260628912,206.028000
0260629012,206.028000
0260629112,206.028000
0260629212,206.028000
0260629312,206.028000
0260629412,206.028000
0260629512,206.028000
0260629612,206.046005
0260629712,206.082001
0260629812,206.154007
0260629912,206.225998
0260630012,206.298004
0260630112,206.369995
0260630212,206.423996
0260630312,206.496002
0260630412,206.567993
0260630512,206.639999
0260630612,206.712006
0260630712,206.783997
0260630812,206.856003
0260630912,206.927994
0260631012,207.000000
0260631112,207.072006
0260631212,207.143997
0260631312,207.216003
0260631412,207.287994
0260631512,207.341995
0260631612,207.414001
0260631712,207.485992
0260631812,207.557999
0260631912,207.630005
0260632012,207.701996
0260632112,207.774002
0260632212,207.845993
0260632312,207.917999
0260632412,207.990005
0260632512,208.044006
0260632612,208.115997
0260632712,208.188004
0260632812,208.259995
0260632912,208.332001
0260633012,208.404007
0260633112,208.475998
0260633212,208.548004
0260633312,208.619995
0260633412,208.692001
0260633512,208.764008
0260633612,208.817993
0260633712,208.889999
0260633812,208.962006
0260633912,209.033997
0260634012,209.106003
0260634112,209.177994
0260634212,209.250000
0260634312,209.322006
0260634412,209.393997
0260634512,209.447998
0260634612,209.520004
0260634712,209.591995
0260634812,209.664001
0260634912,209.735992
0260635012,209.807999
0260635112,209.880005
0260635212,209.951996
0260635312,210.024002
0260635412,210.095993
0260635512,210.167999
0260635612,210.240005
0260635712,210.294006
0260635812,210.365997
0260635912,210.438004
0260636012,210.509995
0260636112,210.582001
0260636212,210.654007
0260636312,210.725998
0260636412,210.798004
0260636512,210.869995
0260636612,210.942001
0260636712,211.014008
0260636812,211.067993
0260636912,211.139999
0260637012,211.212006
0260637112,211.283997
0260637212,211.356003
0260637312,211.427994
0260637412,211.500000
0260637512,211.572006
0260637612,211.643997
0260637712,211.716003
0260637812,211.770004
0260637912,211.841995
0260638012,211.914001
0260638112,211.985992
0260638212,212.057999
0260638312,212.130005
0260638412,212.201996
0260638512,212.274002
0260638612,212.345993
0260638712,212.417999
0260638812,212.472000
0260638912,212.544006
0260639012,212.615997
0260639112,212.688004
0260639212,212.759995
0260639312,212.832001
0260639412,212.904007
0260639512,212.975998
0260639612,213.011993
0260639712,213.048004
0260639812,213.048004
0260639912,213.048004
0260640012,213.065994
0260640112,213.065994
0260640212,213.065994
0260640312,213.065994
0260640412,213.065994
0260640512,213.065994
0260640612,213.065994
0260640712,213.065994
0260640812,213.065994
0260640912,213.065994
0260641012,213.065994
0260641112,213.065994
0260641212,213.065994
0260641312,213.065994
0260641412,213.065994
0260641512,213.065994
0260641612,213.065994
0260641712,213.065994
0260641812,213.065994
0260641912,213.065994
0260642012,213.119995
0260642112,213.173996
0260642212,213.264008
0260642312,213.354004
0260642412,213.462006
0260642512,213.570007
0260642612,213.660004
0260642712,213.768005
0260642812,213.876007
0260642912,213.983994
0260643012,214.091995
0260643112,214.199997
0260643212,214.307999
0260643312,214.397995
0260643412,214.505997
0260643512,214.613998
0260643612,214.722000
0260643712,214.830002
0260643812,214.938004
0260643912,215.046005
0260644012,215.136002
0260644112,215.244003
0260644212,215.352005
0260644312,215.460007
0260644412,215.567993
0260644512,215.675995
0260644612,215.783997
0260644712,215.873993
0260644812,215.981995
0260644912,216.089996
0260645012,216.197998
0260645112,216.306000
0260645212,216.414001
0260645312,216.522003
0260645412,216.612000
0260645512,216.720001
0260645612,216.828003
0260645712,216.936005
0260645812,217.044006
0260645912,217.151993
0260646012,217.259995
0260646112,217.350006
0260646212,217.457993
0260646312,217.565994
0260646412,217.673996
0260646512,217.781998
0260646612,217.889999
0260646712,217.998001
0260646812,218.087997
0260646912,218.195999
0260647012,218.304001
0260647112,218.412003
0260647212,218.520004
0260647312,218.628006
0260647412,218.735992
0260647512,218.826004
0260647612,218.934006
0260647712,219.042007
0260647812,219.149994
0260647912,219.257996
0260648012,219.365997
0260648112,219.473999
0260648212,219.563995
0260648312,219.671997
0260648412,219.779999
0260648512,219.888000
0260648612,219.996002
0260648712,220.104004
0260648812,220.212006
0260648912,220.302002
0260649012,220.410004
0260649112,220.518005
0260649212,220.626007
0260649312,220.733994
0260649412,220.841995
0260649512,220.949997
0260649612,221.057999
0260649712,221.147995
0260649812,221.255997
0260649912,221.363998
0260650012,221.472000
0260650112,221.561996
0260650212,221.651993
0260650312,221.705994
0260650412,221.742004
0260650512,221.742004
0260650612,221.742004
0260650712,221.742004
0260650812,221.742004
0260650912,221.742004
0260651012,221.742004
0260651112,221.742004
0260651212,221.742004
0260651312,221.742004
0260651412,221.742004
0260651512,221.742004
0260651612,221.742004
0260651712,221.742004
0260651812,221.742004
0260651912,221.742004
0260652012,221.742004
0260652112,221.742004
0260652212,221.742004
0260652312,221.742004
0260652412,221.742004
0260652512,221.742004
0260652612,221.742004
0260652712,221.742004
0260652812,221.742004
0260652912,221.742004
0260653012,221.742004
0260653112,221.742004
0260653212,221.742004
0260653312,221.742004
0260653412,221.742004
0260653512,221.742004
0260653612,221.742004
0260653712,221.723999
0260653812,221.723999
0260653912,221.723999
0260654012,221.723999
0260654112,221.723999
0260654212,221.723999
0260654312,221.705994
0260654412,221.705994
0260654512,221.705994
0260654612,221.705994
0260654712,221.705994
0260654812,221.688004
0260654912,221.688004
0260655012,221.688004
0260655112,221.688004
0260655212,221.669998
0260655312,221.669998
0260655412,221.669998
0260655512,221.651993
0260655612,221.651993
0260655712,221.651993
0260655812,221.634003
0260655912,221.634003
0260656012,221.634003
0260656112,221.615997
0260656212,221.615997
0260656312,221.615997
0260656412,221.598007
0260656512,221.598007
0260656612,221.598007
0260656712,221.580002
0260656812,221.580002
0260656912,221.580002
0260657012,221.561996
0260657112,221.561996
0260657212,221.544006
0260657312,221.544006
0260657412,221.544006
0260657512,221.526001
0260657612,221.526001
0260657712,221.526001
0260657812,221.507996
0260657912,221.507996
0260658012,221.490005
0260658112,221.490005
0260658212,221.490005
0260658312,221.472000
0260658412,221.472000
0260658512,221.453995
0260658612,221.453995
0260658712,221.453995
0260658812,221.436005
0260658912,221.436005
0260659012,221.436005
0260659112,221.417999
0260659212,221.417999
0260659312,221.399994
0260659412,221.399994
0260659512,221.399994
0260659612,221.382004
0260659712,221.382004
0260659812,221.382004
0260659912,221.363998
0260660012,221.363998
0260660112,221.345993
0260660212,221.345993
0260660312,221.345993
0260660412,221.328003
0260660512,221.328003
0260660612,221.309998
0260660712,221.309998
0260660812,221.309998
0260660912,221.292007
0260661012,221.292007
0260661112,221.292007
0260661212,221.274002
0260661312,221.274002
0260661412,221.255997
0260661512,221.255997
0260661612,221.255997
0260661712,221.238007
0260661812,221.238007
0260661912,221.220001
0260662012,221.220001
0260662112,221.220001
0260662212,221.201996
0260662312,221.201996
0260662412,221.201996
0260662512,221.184006
0260662612,221.184006
0260662712,221.166000
0260662812,221.166000
0260662912,221.166000
0260663012,221.147995
0260663112,221.147995
0260663212,221.130005
0260663312,221.130005
0260663412,221.130005
0260663512,221.112000
0260663612,221.112000
0260663712,221.112000
0260663812,221.093994
0260663912,221.093994
0260664012,221.076004
0260664112,221.076004
0260664212,221.076004
0260664312,221.057999
0260664412,221.057999
0260664512,221.039993
0260664612,221.039993
0260664712,221.039993
0260664812,221.022003
0260664912,221.022003
0260665012,221.003998
0260665112,221.003998
0260665212,221.003998
0260665312,220.985992
0260665412,220.985992
0260665512,220.985992
0260665612,220.968002
0260665712,220.968002
0260665812,220.949997
0260665912,220.949997
0260666012,220.949997
0260666112,220.932007
0260666212,220.932007
0260666312,220.914001
0260666412,220.914001
0260666512,220.914001
0260666612,220.895996
0260666712,220.895996
0260666812,220.895996
0260666912,220.878006
0260667012,220.878006
0260667112,220.860001
0260667212,220.860001
0260667312,220.860001
0260667412,220.841995
0260667512,220.841995
0260667612,220.824005
0260667712,220.824005
0260667812,220.824005
0260667912,220.806000
0260668012,220.806000
0260668112,220.787994
0260668212,220.787994
0260668312,220.787994
0260668412,220.770004
0260668512,220.770004
0260668612,220.751999
0260668712,220.751999
0260668812,220.751999
0260668912,220.733994
0260669012,220.733994
0260669112,220.733994
0260669212,220.716003
0260669312,220.716003
0260669412,220.697998
0260669512,220.697998
0260669612,220.697998
0260669712,220.679993
0260669812,220.679993
0260669912,220.662003
0260670012,220.662003
0260670112,220.662003
0260670212,220.643997
0260670312,220.643997
0260670412,220.626007
0260670512,220.626007
0260670612,220.626007
0260670712,220.608002
0260670812,220.608002
0260670912,220.608002
0260671012,220.589996
0260671112,220.589996
0260671212,220.572006
0260671312,220.572006
0260671412,220.572006
0260671512,220.554001
0260671612,220.554001
0260671712,220.535995
0260671812,220.535995
0260671912,220.535995
0260672012,220.518005
0260672112,220.518005
0260672212,220.500000
0260672312,220.500000
0260672412,220.500000
0260672512,220.481995
0260672612,220.481995
0260672712,220.464005
0260672812,220.464005
0260672912,220.464005
0260673012,220.445999
0260673112,220.445999
0260673212,220.427994
0260673312,220.427994
0260673412,220.427994
0260673512,220.410004
0260673612,220.410004
0260673712,220.410004
0260673812,220.391998
0260673912,220.391998
0260674012,220.373993
0260674112,220.373993
0260674212,220.373993
0260674312,220.373993
0260674412,220.373993
0260674512,220.373993
0260674612,220.373993
0260674712,220.373993
0260674812,220.373993
0260674912,220.373993
0260675012,220.373993
0260675112,220.373993
0260675212,220.373993
0260675312,220.373993
0260675412,220.373993
0260675512,220.373993
0260675612,220.373993
0260675712,220.373993
0260675812,220.373993
0260675912,220.373993
0260676012,220.373993
0260676112,220.373993
0260676212,220.373993
0260676312,220.373993
0260676412,220.373993
0260676512,220.373993
0260676612,220.373993
0260676712,220.373993
0260676812,220.373993
0260676912,220.373993
0260677012,220.373993
0260677112,220.373993
0260677212,220.373993
0260677312,220.373993
0260677412,220.373993
0260677512,220.373993
0260677612,220.373993
0260677712,220.373993
0260677812,220.373993
0260677912,220.373993
0260678012,220.373993
0260678112,220.373993
0260678212,220.373993
0260678312,220.373993
0260678412,220.373993
0260678512,220.373993
0260678612,220.373993
0260678712,220.373993
0260678812,220.373993
0260678912,220.373993
0260679012,220.373993
0260679112,220.373993
0260679212,220.373993
0260679312,220.373993
0260679412,220.373993
0260679512,220.373993
0260679612,220.373993
0260679712,220.373993
0260679812,220.373993
0260679912,220.373993
0260680012,220.373993
0260680112,220.373993
0260680212,220.373993
0260680312,220.373993
0260680412,220.373993
0260680512,220.373993
0260680612,220.373993
0260680712,220.373993
0260680812,220.373993
0260680912,220.373993
0260681012,220.373993
0260681112,220.373993
0260681212,220.373993
0260681312,220.373993
0260681412,220.373993
0260681512,220.373993
0260681612,220.373993
0260681712,220.373993
0260681812,220.373993
0260681912,220.373993
0260682012,220.373993
0260682112,220.373993
0260682212,220.373993
0260682312,220.373993
0260682412,220.373993
0260682512,220.373993
0260682612,220.373993
0260682712,220.373993
0260682812,220.373993
0260682912,220.373993

Stopped on user request
