use external trigger (y/n)? do reference run (y/n)? 
EIB firmware version: 63328110

using internal timer trigger
Start Reference Run Now


press Ctrl-C to stop

0259640412,197.927994
0259640512,197.856003
0259640612,197.802002
0259640712,197.729996
0259640812,197.658005
0259640912,197.585999
0259641012,197.514008
0259641112,197.442001
0259641212,197.369995
0259641312,197.298004
0259641412,197.244003
0259641512,197.171997
0259641612,197.100006
0259641712,197.028000
0259641812,196.955994
0259641912,196.884003
0259642012,196.811996
0259642112,196.740005
0259642212,196.667999
0259642312,196.595993
0259642412,196.524002
0259642512,196.470001
0259642612,196.397995
0259642712,196.326004
0259642812,196.253998
0259642912,196.182007
0259643012,196.110001
0259643112,196.037994
0259643212,195.966003
0259643312,195.893997
0259643412,195.822006
0259643512,195.750000
0259643612,195.695999
0259643712,195.623993
0259643812,195.552002
0259643912,195.479996
0259644012,195.408005
0259644112,195.335999
0259644212,195.264008
0259644312,195.192001
0259644412,195.119995
0259644512,195.048004
0259644612,194.975998
0259644712,194.921997
0259644812,194.850006
0259644912,194.796005
0259645012,194.778000
0259645112,194.778000
0259645212,194.778000
0259645312,194.778000
0259645412,194.778000
0259645512,194.778000
0259645612,194.813995
0259645712,194.850006
0259645812,194.904007
0259645912,194.957993
0259646012,195.029999
0259646112,195.102005
0259646212,195.156006
0259646312,195.227997
0259646412,195.300003
0259646512,195.354004
0259646612,195.425995
0259646712,195.498001
0259646812,195.570007
0259646912,195.641998
0259647012,195.714005
0259647112,195.785995
0259647212,195.858002
0259647312,195.929993
0259647412,196.001999
0259647512,196.056000
0259647612,196.128006
0259647712,196.199997
0259647812,196.272003
0259647912,196.343994
0259648012,196.416000
0259648112,196.488007
0259648212,196.559998
0259648312,196.632004
0259648412,196.703995
0259648512,196.776001
0259648612,196.848007
0259648712,196.901993
0259648812,196.973999
0259648912,197.046005
0259649012,197.117996
0259649112,197.190002
0259649212,197.261993
0259649312,197.334000
0259649412,197.406006
0259649512,197.477997
0259649612,197.550003
0259649712,197.621994
0259649812,197.675995
0259649912,197.748001
0259650012,197.820007
0259650112,197.891998
0259650212,197.964005
0259650312,198.035995
0259650412,198.108002
0259650512,198.179993
0259650612,198.251999
0259650712,198.324005
0259650812,198.378006
0259650912,198.449997
0259651012,198.522003
0259651112,198.593994
0259651212,198.666000
0259651312,198.738007
0259651412,198.809998
0259651512,198.882004
0259651612,198.953995
0259651712,199.026001
0259651812,199.098007
0259651912,199.151993
0259652012,199.223999
0259652112,199.296005
0259652212,199.367996
0259652312,199.440002
0259652412,199.511993
0259652512,199.584000
0259652612,199.656006
0259652712,199.727997
0259652812,199.800003
0259652912,199.871994
0259653012,199.925995
0259653112,199.998001
0259653212,200.070007
0259653312,200.141998
0259653412,200.214005
0259653512,200.285995
0259653612,200.358002
0259653712,200.429993
0259653812,200.501999
0259653912,200.574005
0259654012,200.645996
0259654112,200.718002
0259654212,200.772003
0259654312,200.843994
0259654412,200.916000
0259654512,200.988007
0259654612,201.059998
0259654712,201.132004
0259654812,201.203995
0259654912,201.276001
0259655012,201.348007
0259655112,201.419998
0259655212,201.473999
0259655312,201.546005
0259655412,201.617996
0259655512,201.690002
0259655612,201.761993
0259655712,201.834000
0259655812,201.906006
0259655912,201.977997
0259656012,202.050003
0259656112,202.121994
0259656212,202.175995
0259656312,202.248001
0259656412,202.320007
0259656512,202.391998
0259656612,202.464005
0259656712,202.535995
0259656812,202.608002
0259656912,202.679993
0259657012,202.751999
0259657112,202.824005
0259657212,202.895996
0259657312,202.968002
0259657412,203.022003
0259657512,203.093994
0259657612,203.166000
0259657712,203.238007
0259657812,203.309998
0259657912,203.382004
0259658012,203.453995
0259658112,203.526001
0259658212,203.598007
0259658312,203.669998
0259658412,203.723999
0259658512,203.796005
0259658612,203.867996
0259658712,203.940002
0259658812,204.011993
0259658912,204.084000
0259659012,204.156006
0259659112,204.227997
0259659212,204.300003
0259659312,204.371994
0259659412,204.444000
0259659512,204.498001
0259659612,204.570007
0259659712,204.641998
0259659812,204.714005
0259659912,204.785995
0259660012,204.858002
0259660112,204.912003
0259660212,204.966003
0259660312,204.983994
0259660412,204.983994
0259660512,204.983994
0259660612,204.983994
0259660712,204.983994
0259660812,204.983994
0259660912,204.983994
0259661012,204.983994
0259661112,204.983994
0259661212,204.983994
0259661312,204.983994
0259661412,204.983994
0259661512,204.983994
0259661612,204.983994
0259661712,204.983994
0259661812,204.983994
0259661912,204.983994
0259662012,204.983994
0259662112,204.983994
0259662212,204.983994
0259662312,204.983994
0259662412,204.983994
0259662512,204.983994
0259662612,204.983994
0259662712,204.983994
0259662812,204.983994
0259662912,204.983994
0259663012,204.983994
0259663112,204.983994
0259663212,204.983994
0259663312,204.983994
0259663412,205.001999
0259663512,205.020004
0259663612,205.074005
0259663712,205.145996
0259663812,205.235992
0259663912,205.343994
0259664012,205.451996
0259664112,205.559998
0259664212,205.649994
0259664312,205.757996
0259664412,205.865997
0259664512,205.973999
0259664612,206.082001
0259664712,206.190002
0259664812,206.279999
0259664912,206.388000
0259665012,206.496002
0259665112,206.604004
0259665212,206.712006
0259665312,206.820007
0259665412,206.927994
0259665512,207.035995
0259665612,207.126007
0259665712,207.233994
0259665812,207.341995
0259665912,207.449997
0259666012,207.557999
0259666112,207.666000
0259666212,207.774002
0259666312,207.863998
0259666412,207.972000
0259666512,208.080002
0259666612,208.188004
0259666712,208.296005
0259666812,208.404007
0259666912,208.511993
0259667012,208.602005
0259667112,208.710007
0259667212,208.817993
0259667312,208.925995
0259667412,209.033997
0259667512,209.141998
0259667612,209.250000
0259667712,209.339996
0259667812,209.447998
0259667912,209.556000
0259668012,209.664001
0259668112,209.772003
0259668212,209.880005
0259668312,209.988007
0259668412,210.078003
0259668512,210.186005
0259668612,210.294006
0259668712,210.401993
0259668812,210.509995
0259668912,210.617996
0259669012,210.725998
0259669112,210.815994
0259669212,210.923996
0259669312,211.031998
0259669412,211.139999
0259669512,211.248001
0259669612,211.356003
0259669712,211.464005
0259669812,211.554001
0259669912,211.662003
0259670012,211.770004
0259670112,211.878006
0259670212,211.985992
0259670312,212.093994
0259670412,212.201996
0259670512,212.292007
0259670612,212.399994
0259670712,212.507996
0259670812,212.615997
0259670912,212.723999
0259671012,212.832001
0259671112,212.940002
0259671212,213.029999
0259671312,213.138000
0259671412,213.246002
0259671512,213.354004
0259671612,213.462006
0259671712,213.570007
0259671812,213.677994
0259671912,213.785995
0259672012,213.876007
0259672112,213.983994
0259672212,214.091995
0259672312,214.199997
0259672412,214.307999
0259672512,214.416000
0259672612,214.524002
0259672712,214.613998
0259672812,214.722000
0259672912,214.830002
0259673012,214.938004
0259673112,215.046005
0259673212,215.154007
0259673312,215.261993
0259673412,215.352005
0259673512,215.460007
0259673612,215.567993
0259673712,215.675995
0259673812,215.783997
0259673912,215.891998
0259674012,216.000000
0259674112,216.089996
0259674212,216.197998
0259674312,216.306000
0259674412,216.414001
0259674512,216.522003
0259674612,216.630005
0259674712,216.738007
0259674812,216.828003
0259674912,216.936005
0259675012,217.044006
0259675112,217.151993
0259675212,217.259995
0259675312,217.367996
0259675412,217.475998
0259675512,217.565994
0259675612,217.673996
0259675712,217.781998
0259675812,217.889999
0259675912,217.998001
0259676012,218.106003
0259676112,218.214005
0259676212,218.304001
0259676312,218.412003
0259676412,218.520004
0259676512,218.628006
0259676612,218.735992
0259676712,218.843994
0259676812,218.951996
0259676912,219.042007
0259677012,219.149994
0259677112,219.257996
0259677212,219.365997
0259677312,219.473999
0259677412,219.582001
0259677512,219.690002
0259677612,219.779999
0259677712,219.888000
0259677812,219.996002
0259677912,220.104004
0259678012,220.212006
0259678112,220.320007
0259678212,220.427994
0259678312,220.518005
0259678412,220.626007
0259678512,220.733994
0259678612,220.841995
0259678712,220.949997
0259678812,221.057999
0259678912,221.166000
0259679012,221.255997
0259679112,221.363998
0259679212,221.472000
0259679312,221.561996
0259679412,221.651993
0259679512,221.705994
0259679612,221.723999
0259679712,221.742004
0259679812,221.742004
0259679912,221.742004
0259680012,221.742004
0259680112,221.742004
0259680212,221.742004
0259680312,221.742004
0259680412,221.742004
0259680512,221.742004
0259680612,221.742004
0259680712,221.742004
0259680812,221.742004
0259680912,221.742004
0259681012,221.742004
0259681112,221.742004
0259681212,221.742004
0259681312,221.742004
0259681412,221.742004
0259681512,221.742004
0259681612,221.742004
0259681712,221.742004
0259681812,221.742004
0259681912,221.742004
0259682012,221.742004
0259682112,221.742004
0259682212,221.742004
0259682312,221.742004
0259682412,221.742004
0259682512,221.742004
0259682612,221.742004
0259682712,221.742004
0259682812,221.723999
0259682912,221.723999
0259683012,221.723999
0259683112,221.723999
0259683212,221.723999
0259683312,221.723999
0259683412,221.705994
0259683512,221.705994
0259683612,221.705994
0259683712,221.705994
0259683812,221.705994
0259683912,221.688004
0259684012,221.688004
0259684112,221.688004
0259684212,221.688004
0259684312,221.688004
0259684412,221.669998
0259684512,221.669998
0259684612,221.669998
0259684712,221.651993
0259684812,221.651993
0259684912,221.651993
0259685012,221.634003
0259685112,221.634003
0259685212,221.634003
0259685312,221.615997
0259685412,221.615997
0259685512,221.615997
0259685612,221.598007
0259685712,221.598007
0259685812,221.598007
0259685912,221.580002
0259686012,221.580002
0259686112,221.580002
0259686212,221.561996
0259686312,221.561996
0259686412,221.544006
0259686512,221.544006
0259686612,221.544006
0259686712,221.526001
0259686812,221.526001
0259686912,221.526001
0259687012,221.507996
0259687112,221.507996
0259687212,221.490005
0259687312,221.490005
0259687412,221.490005
0259687512,221.472000
0259687612,221.472000
0259687712,221.472000
0259687812,221.453995
0259687912,221.453995
0259688012,221.436005
0259688112,221.436005
0259688212,221.436005
0259688312,221.417999
0259688412,221.417999
0259688512,221.417999
0259688612,221.399994
0259688712,221.399994
0259688812,221.382004
0259688912,221.382004
0259689012,221.382004
0259689112,221.363998
0259689212,221.363998
0259689312,221.345993
0259689412,221.345993
0259689512,221.345993
0259689612,221.328003
0259689712,221.328003
0259689812,221.328003
0259689912,221.309998
0259690012,221.309998
0259690112,221.292007
0259690212,221.292007
0259690312,221.292007
0259690412,221.274002
0259690512,221.274002
0259690612,221.255997
0259690712,221.255997
0259690812,221.255997
0259690912,221.238007
0259691012,221.238007
0259691112,221.238007
0259691212,221.220001
0259691312,221.220001
0259691412,221.201996
0259691512,221.201996
0259691612,221.201996
0259691712,221.184006
0259691812,221.184006
0259691912,221.166000
0259692012,221.166000
0259692112,221.166000
0259692212,221.147995
0259692312,221.147995
0259692412,221.147995
0259692512,221.130005
0259692612,221.130005
0259692712,221.112000
0259692812,221.112000
0259692912,221.112000
0259693012,221.093994
0259693112,221.093994
0259693212,221.093994
0259693312,221.076004
0259693412,221.076004
0259693512,221.057999
0259693612,221.057999
0259693712,221.057999
0259693812,221.039993
0259693912,221.039993
0259694012,221.022003
0259694112,221.022003
0259694212,221.022003
0259694312,221.003998
0259694412,221.003998
0259694512,221.003998
0259694612,220.985992
0259694712,220.985992
0259694812,220.968002
0259694912,220.968002
0259695012,220.968002
0259695112,220.949997
0259695212,220.949997
0259695312,220.932007
0259695412,220.932007
0259695512,220.932007
0259695612,220.914001
0259695712,220.914001
0259695812,220.914001
0259695912,220.895996
0259696012,220.895996
0259696112,220.878006
0259696212,220.878006
0259696312,220.878006
0259696412,220.860001
0259696512,220.860001
0259696612,220.841995
0259696712,220.841995
0259696812,220.841995
0259696912,220.824005
0259697012,220.824005
0259697112,220.824005
0259697212,220.806000
0259697312,220.806000
0259697412,220.787994
0259697512,220.787994
0259697612,220.787994
0259697712,220.770004
0259697812,220.770004
0259697912,220.751999
0259698012,220.751999
0259698112,220.751999
0259698212,220.733994
0259698312,220.733994
0259698412,220.716003
0259698512,220.716003
0259698612,220.716003
0259698712,220.697998
0259698812,220.697998
0259698912,220.679993
0259699012,220.679993
0259699112,220.679993
0259699212,220.662003
0259699312,220.662003
0259699412,220.662003
0259699512,220.643997
0259699612,220.643997
0259699712,220.626007
0259699812,220.626007
0259699912,220.626007
0259700012,220.608002
0259700112,220.608002
0259700212,220.589996
0259700312,220.589996
0259700412,220.589996
0259700512,220.572006
0259700612,220.572006
0259700712,220.554001
0259700812,220.554001
0259700912,220.554001
0259701012,220.535995
0259701112,220.535995
0259701212,220.518005
0259701312,220.518005
0259701412,220.518005
0259701512,220.500000
0259701612,220.500000
0259701712,220.500000
0259701812,220.481995
0259701912,220.481995
0259702012,220.464005
0259702112,220.464005
0259702212,220.464005
0259702312,220.445999
0259702412,220.445999
0259702512,220.427994
0259702612,220.427994
0259702712,220.427994
0259702812,220.410004
0259702912,220.410004
0259703012,220.391998
0259703112,220.391998
0259703212,220.391998
0259703312,220.391998
0259703412,220.391998
0259703512,220.391998
0259703612,220.391998
0259703712,220.391998
0259703812,220.391998
0259703912,220.391998
0259704012,220.391998
0259704112,220.391998
0259704212,220.391998
0259704312,220.391998
0259704412,220.391998
0259704512,220.391998
0259704612,220.391998
0259704712,220.391998
0259704812,220.391998
0259704912,220.391998
0259705012,220.391998
0259705112,220.391998
0259705212,220.391998
0259705312,220.391998
0259705412,220.391998
0259705512,220.391998
0259705612,220.391998
0259705712,220.391998
0259705812,220.391998
0259705912,220.391998
0259706012,220.391998
0259706112,220.391998
0259706212,220.391998
0259706312,220.391998
0259706412,220.391998
0259706512,220.356003
0259706612,220.302002
0259706712,220.229996
0259706812,220.158005
0259706912,220.085999
0259707012,220.014008
0259707112,219.960007
0259707212,219.888000
0259707312,219.815994
0259707412,219.744003
0259707512,219.671997
0259707612,219.600006
0259707712,219.528000
0259707812,219.455994
0259707912,219.401993
0259708012,219.330002
0259708112,219.257996
0259708212,219.186005
0259708312,219.113998
0259708412,219.042007
0259708512,218.970001
0259708612,218.897995
0259708712,218.826004
0259708812,218.772003
0259708912,218.699997
0259709012,218.628006
0259709112,218.556000
0259709212,218.483994
0259709312,218.412003
0259709412,218.339996
0259709512,218.268005
0259709612,218.195999
0259709712,218.123993
0259709812,218.052002
0259709912,217.998001
0259710012,217.925995
0259710112,217.854004
0259710212,217.781998
0259710312,217.710007
0259710412,217.638000
0259710512,217.565994
0259710612,217.494003
0259710712,217.421997
0259710812,217.350006
0259710912,217.278000
0259711012,217.223999
0259711112,217.151993
0259711212,217.080002
0259711312,217.007996
0259711412,216.936005
0259711512,216.863998
0259711612,216.792007
0259711712,216.720001
0259711812,216.647995
0259711912,216.576004
0259712012,216.503998
0259712112,216.432007
0259712212,216.378006
0259712312,216.306000
0259712412,216.233994
0259712512,216.162003
0259712612,216.089996
0259712712,216.018005
0259712812,215.945999
0259712912,215.873993
0259713012,215.820007
0259713112,215.748001
0259713212,215.675995
0259713312,215.604004
0259713412,215.531998
0259713512,215.460007
0259713612,215.388000
0259713712,215.315994
0259713812,215.261993
0259713912,215.190002
0259714012,215.117996
0259714112,215.046005
0259714212,214.973999
0259714312,214.901993
0259714412,214.830002
0259714512,214.757996
0259714612,214.686005
0259714712,214.613998
0259714812,214.542007
0259714912,214.488007
0259715012,214.416000
0259715112,214.343994
0259715212,214.272003
0259715312,214.199997
0259715412,214.128006
0259715512,214.056000
0259715612,213.983994
0259715712,213.912003
0259715812,213.839996
0259715912,213.785995
0259716012,213.714005
0259716112,213.641998
0259716212,213.570007
0259716312,213.498001
0259716412,213.425995
0259716512,213.354004
0259716612,213.281998
0259716712,213.210007
0259716812,213.138000
0259716912,213.065994
0259717012,212.994003
0259717112,212.940002
0259717212,212.867996
0259717312,212.796005
0259717412,212.723999
0259717512,212.651993
0259717612,212.580002
0259717712,212.507996
0259717812,212.436005
0259717912,212.363998
0259718012,212.309998
0259718112,212.238007
0259718212,212.166000
0259718312,212.093994
0259718412,212.022003
0259718512,211.949997
0259718612,211.878006
0259718712,211.806000
0259718812,211.751999
0259718912,211.679993
0259719012,211.608002
0259719112,211.535995
0259719212,211.464005
0259719312,211.391998
0259719412,211.320007
0259719512,211.248001
0259719612,211.175995
0259719712,211.104004
0259719812,211.031998
0259719912,210.977997
0259720012,210.906006
0259720112,210.834000
0259720212,210.761993
0259720312,210.690002
0259720412,210.617996
0259720512,210.546005
0259720612,210.473999
0259720712,210.401993
0259720812,210.330002
0259720912,210.257996
0259721012,210.203995
0259721112,210.132004
0259721212,210.059998
0259721312,209.988007
0259721412,209.916000
0259721512,209.843994
0259721612,209.772003
0259721712,209.699997
0259721812,209.628006
0259721912,209.556000
0259722012,209.483994
0259722112,209.412003
0259722212,209.358002
0259722312,209.285995
0259722412,209.214005
0259722512,209.141998
0259722612,209.070007
0259722712,208.998001
0259722812,208.925995
0259722912,208.854004
0259723012,208.781998
0259723112,208.727997
0259723212,208.656006
0259723312,208.584000
0259723412,208.511993
0259723512,208.440002
0259723612,208.367996
0259723712,208.296005
0259723812,208.223999
0259723912,208.151993
0259724012,208.098007
0259724112,208.026001
0259724212,207.953995
0259724312,207.882004
0259724412,207.809998
0259724512,207.738007
0259724612,207.666000
0259724712,207.593994
0259724812,207.522003
0259724912,207.449997
0259725012,207.378006
0259725112,207.324005
0259725212,207.251999
0259725312,207.179993
0259725412,207.108002
0259725512,207.035995
0259725612,206.964005
0259725712,206.891998
0259725812,206.820007
0259725912,206.748001
0259726012,206.675995
0259726112,206.604004
0259726212,206.550003
0259726312,206.477997
0259726412,206.423996
0259726512,206.388000
0259726612,206.369995
0259726712,206.369995
0259726812,206.369995
0259726912,206.369995
0259727012,206.369995
0259727112,206.388000
0259727212,206.423996
0259727312,206.477997
0259727412,206.531998
0259727512,206.604004
0259727612,206.675995
0259727712,206.729996
0259727812,206.802002
0259727912,206.873993
0259728012,206.945999
0259728112,207.018005
0259728212,207.072006
0259728312,207.143997
0259728412,207.216003
0259728512,207.287994
0259728612,207.360001
0259728712,207.432007
0259728812,207.503998
0259728912,207.576004
0259729012,207.647995
0259729112,207.701996
0259729212,207.774002
0259729312,207.845993
0259729412,207.917999
0259729512,207.990005
0259729612,208.061996
0259729712,208.134003
0259729812,208.205994
0259729912,208.278000
0259730012,208.350006
0259730112,208.404007
0259730212,208.475998
0259730312,208.548004
0259730412,208.619995
0259730512,208.692001
0259730612,208.764008
0259730712,208.835999
0259730812,208.908005
0259730912,208.979996
0259731012,209.052002
0259731112,209.106003
0259731212,209.177994
0259731312,209.250000
0259731412,209.322006
0259731512,209.393997
0259731612,209.466003
0259731712,209.537994
0259731812,209.610001
0259731912,209.682007
0259732012,209.753998
0259732112,209.807999
0259732212,209.880005
0259732312,209.951996
0259732412,210.024002
0259732512,210.095993
0259732612,210.167999
0259732712,210.240005
0259732812,210.311996
0259732912,210.384003
0259733012,210.455994
0259733112,210.528000
0259733212,210.600006
0259733312,210.654007
0259733412,210.725998
0259733512,210.798004
0259733612,210.869995
0259733712,210.942001
0259733812,211.014008
0259733912,211.085999
0259734012,211.158005
0259734112,211.229996
0259734212,211.302002
0259734312,211.373993
0259734412,211.427994
0259734512,211.500000
0259734612,211.572006
0259734712,211.643997
0259734812,211.716003
0259734912,211.787994
0259735012,211.860001
0259735112,211.932007
0259735212,212.003998
0259735312,212.076004
0259735412,212.130005
0259735512,212.201996
0259735612,212.274002
0259735712,212.345993
0259735812,212.417999
0259735912,212.490005
0259736012,212.561996
0259736112,212.634003
0259736212,212.705994
0259736312,212.759995
0259736412,212.832001
0259736512,212.904007
0259736612,212.975998
0259736712,213.029999
0259736812,213.065994
0259736912,213.084000
0259737012,213.065994
0259737112,213.065994
0259737212,213.065994
0259737312,213.065994
0259737412,213.048004
0259737512,213.011993
0259737612,212.957993
0259737712,212.886002
0259737812,212.832001
0259737912,212.759995
0259738012,212.688004
0259738112,212.634003
0259738212,212.561996
0259738312,212.490005
0259738412,212.417999
0259738512,212.345993
0259738612,212.274002
0259738712,212.201996
0259738812,212.130005
0259738912,212.076004
0259739012,212.003998
0259739112,211.932007
0259739212,211.860001
0259739312,211.787994
0259739412,211.716003
0259739512,211.643997
0259739612,211.572006
0259739712,211.500000
0259739812,211.445999
0259739912,211.373993
0259740012,211.302002
0259740112,211.229996
0259740212,211.158005
0259740312,211.085999
0259740412,211.014008
0259740512,210.942001
0259740612,210.869995
0259740712,210.798004
0259740812,210.725998
0259740912,210.654007
0259741012,210.600006
0259741112,210.528000
0259741212,210.455994
0259741312,210.384003
0259741412,210.311996
0259741512,210.240005
0259741612,210.167999
0259741712,210.095993
0259741812,210.024002
0259741912,209.951996
0259742012,209.880005
0259742112,209.826004
0259742212,209.753998
0259742312,209.682007
0259742412,209.610001
0259742512,209.537994
0259742612,209.466003
0259742712,209.393997
0259742812,209.322006
0259742912,209.250000
0259743012,209.177994
0259743112,209.106003
0259743212,209.052002
0259743312,208.979996
0259743412,208.908005
0259743512,208.835999
0259743612,208.764008
0259743712,208.692001
0259743812,208.619995
0259743912,208.548004
0259744012,208.475998
0259744112,208.421997
0259744212,208.350006
0259744312,208.278000
0259744412,208.205994
0259744512,208.134003
0259744612,208.061996
0259744712,207.990005
0259744812,207.917999
0259744912,207.845993
0259745012,207.774002
0259745112,207.720001
0259745212,207.647995
0259745312,207.576004
0259745412,207.503998
0259745512,207.432007
0259745612,207.360001
0259745712,207.287994
0259745812,207.216003
0259745912,207.143997
0259746012,207.072006
0259746112,207.018005
0259746212,206.945999
0259746312,206.873993
0259746412,206.802002
0259746512,206.729996
0259746612,206.658005
0259746712,206.585999
0259746812,206.514008
0259746912,206.442001
0259747012,206.406006
0259747112,206.369995
0259747212,206.369995
0259747312,206.334000
0259747412,206.279999
0259747512,206.225998
0259747612,206.154007
0259747712,206.082001
0259747812,206.009995
0259747912,205.938004
0259748012,205.865997
0259748112,205.794006
0259748212,205.722000
0259748312,205.649994
0259748412,205.578003
0259748512,205.524002
0259748612,205.451996
0259748712,205.380005
0259748812,205.307999
0259748912,205.235992
0259749012,205.164001
0259749112,205.091995
0259749212,205.020004
0259749312,204.947998
0259749412,204.893997
0259749512,204.822006
0259749612,204.750000
0259749712,204.677994
0259749812,204.606003
0259749912,204.533997
0259750012,204.462006
0259750112,204.389999
0259750212,204.317993
0259750312,204.246002
0259750412,204.192001
0259750512,204.119995
0259750612,204.048004
0259750712,203.975998
0259750812,203.904007
0259750912,203.832001
0259751012,203.759995
0259751112,203.688004
0259751212,203.615997
0259751312,203.544006
0259751412,203.472000
0259751512,203.417999
0259751612,203.345993
0259751712,203.274002
0259751812,203.201996
0259751912,203.130005
0259752012,203.057999
0259752112,202.985992
0259752212,202.914001
0259752312,202.841995
0259752412,202.770004
0259752512,202.697998
0259752612,202.643997
0259752712,202.572006
0259752812,202.500000
0259752912,202.427994
0259753012,202.356003
0259753112,202.283997
0259753212,202.212006
0259753312,202.139999
0259753412,202.067993
0259753512,201.996002
0259753612,201.923996
0259753712,201.869995
0259753812,201.798004
0259753912,201.725998
0259754012,201.654007
0259754112,201.582001
0259754212,201.509995
0259754312,201.438004
0259754412,201.365997
0259754512,201.294006
0259754612,201.222000
0259754712,201.167999
0259754812,201.095993
0259754912,201.024002
0259755012,200.951996
0259755112,200.880005
0259755212,200.807999
0259755312,200.735992
0259755412,200.664001
0259755512,200.591995
0259755612,200.537994
0259755712,200.466003
0259755812,200.393997
0259755912,200.322006
0259756012,200.250000
0259756112,200.177994
0259756212,200.106003
0259756312,200.033997
0259756412,199.962006
0259756512,199.889999
0259756612,199.835999
0259756712,199.764008
0259756812,199.692001
0259756912,199.619995
0259757012,199.548004
0259757112,199.475998
0259757212,199.404007
0259757312,199.367996
0259757412,199.350006
0259757512,199.350006
0259757612,199.350006
0259757712,199.350006
0259757812,199.332001
0259757912,199.332001
0259758012,199.332001
0259758112,199.332001
0259758212,199.332001
0259758312,199.332001
0259758412,199.332001
0259758512,199.332001
0259758612,199.332001
0259758712,199.332001
0259758812,199.332001
0259758912,199.332001
0259759012,199.332001
0259759112,199.332001
0259759212,199.332001
0259759312,199.332001
0259759412,199.332001
0259759512,199.332001
0259759612,199.332001
0259759712,199.332001
0259759812,199.332001
0259759912,199.332001
0259760012,199.332001
0259760112,199.332001
0259760212,199.332001
0259760312,199.332001
0259760412,199.332001
0259760512,199.332001
0259760612,199.332001
0259760712,199.332001
0259760812,199.332001
0259760912,199.332001
0259761012,199.332001
0259761112,199.332001
0259761212,199.332001
0259761312,199.332001
0259761412,199.332001
0259761512,199.332001
0259761612,199.332001
0259761712,199.332001
0259761812,199.332001
0259761912,199.332001
0259762012,199.332001
0259762112,199.332001
0259762212,199.332001
0259762312,199.332001
0259762412,199.332001
0259762512,199.332001
0259762612,199.332001
0259762712,199.332001
0259762812,199.332001
0259762912,199.332001
0259763012,199.332001
0259763112,199.332001
0259763212,199.332001
0259763312,199.332001
0259763412,199.332001
0259763512,199.332001
0259763612,199.332001
0259763712,199.332001
0259763812,199.332001
0259763912,199.332001
0259764012,199.332001
0259764112,199.332001
0259764212,199.332001
0259764312,199.332001
0259764412,199.332001
0259764512,199.332001
0259764612,199.332001
0259764712,199.332001
0259764812,199.332001
0259764912,199.332001
0259765012,199.332001
0259765112,199.332001
0259765212,199.332001
0259765312,199.332001
0259765412,199.332001
0259765512,199.332001
0259765612,199.332001
0259765712,199.332001
0259765812,199.332001
0259765912,199.332001
0259766012,199.332001
0259766112,199.332001
0259766212,199.332001
0259766312,199.332001
0259766412,199.332001
0259766512,199.332001
0259766612,199.332001
0259766712,199.332001
0259766812,199.332001
0259766912,199.332001
0259767012,199.332001
0259767112,199.332001
0259767212,199.332001
0259767312,199.332001
0259767412,199.332001
0259767512,199.332001
0259767612,199.332001
0259767712,199.332001
0259767812,199.332001
0259767912,199.296005
0259768012,199.223999
0259768112,199.151993
0259768212,199.080002
0259768312,199.007996
0259768412,198.953995
0259768512,198.882004
0259768612,198.809998
0259768712,198.738007
0259768812,198.666000
0259768912,198.593994
0259769012,198.522003
0259769112,198.449997
0259769212,198.378006
0259769312,198.306000
0259769412,198.233994
0259769512,198.179993
0259769612,198.108002
0259769712,198.035995
0259769812,197.964005
0259769912,197.891998
0259770012,197.820007
0259770112,197.748001
0259770212,197.675995
0259770312,197.621994
0259770412,197.550003
0259770512,197.477997
0259770612,197.406006
0259770712,197.334000
0259770812,197.261993
0259770912,197.190002
0259771012,197.117996
0259771112,197.046005
0259771212,196.973999
0259771312,196.919998
0259771412,196.848007
0259771512,196.776001
0259771612,196.703995
0259771712,196.632004
0259771812,196.559998
0259771912,196.488007
0259772012,196.416000
0259772112,196.343994
0259772212,196.272003
0259772312,196.199997
0259772412,196.145996
0259772512,196.074005
0259772612,196.001999
0259772712,195.929993
0259772812,195.858002
0259772912,195.785995
0259773012,195.714005
0259773112,195.641998
0259773212,195.570007
0259773312,195.498001
0259773412,195.425995
0259773512,195.354004
0259773612,195.300003
0259773712,195.227997
0259773812,195.156006
0259773912,195.084000
0259774012,195.011993
0259774112,194.940002
0259774212,194.867996
0259774312,194.796005
0259774412,194.723999
0259774512,194.651993
0259774612,194.598007
0259774712,194.526001
0259774812,194.453995
0259774912,194.382004
0259775012,194.309998
0259775112,194.238007
0259775212,194.166000
0259775312,194.093994
0259775412,194.022003
0259775512,193.968002
0259775612,193.895996
0259775712,193.824005
0259775812,193.751999
0259775912,193.679993
0259776012,193.608002
0259776112,193.535995
0259776212,193.464005
0259776312,193.391998
0259776412,193.337997
0259776512,193.266006
0259776612,193.194000
0259776712,193.121994
0259776812,193.050003
0259776912,192.977997
0259777012,192.906006
0259777112,192.834000
0259777212,192.761993
0259777312,192.690002
0259777412,192.617996
0259777512,192.563995
0259777612,192.473999
0259777712,192.419998
0259777812,192.365997
0259777912,192.330002
0259778012,192.311996
0259778112,192.311996
0259778212,192.311996
0259778312,192.311996
0259778412,192.330002
0259778512,192.348007
0259778612,192.365997
0259778712,192.419998
0259778812,192.473999
0259778912,192.546005
0259779012,192.617996
0259779112,192.671997
0259779212,192.744003
0259779312,192.815994
0259779412,192.888000
0259779512,192.960007
0259779612,193.014008
0259779712,193.085999
0259779812,193.158005
0259779912,193.229996
0259780012,193.302002
0259780112,193.373993
0259780212,193.445999
0259780312,193.518005
0259780412,193.589996
0259780512,193.643997
0259780612,193.716003
0259780712,193.787994
0259780812,193.860001
0259780912,193.932007
0259781012,194.003998
0259781112,194.076004
0259781212,194.147995
0259781312,194.220001
0259781412,194.292007
0259781512,194.345993
0259781612,194.417999
0259781712,194.490005
0259781812,194.561996
0259781912,194.634003
0259782012,194.705994
0259782112,194.778000
0259782212,194.850006
0259782312,194.921997
0259782412,194.994003
0259782512,195.065994
0259782612,195.119995
0259782712,195.192001
0259782812,195.264008
0259782912,195.335999
0259783012,195.408005
0259783112,195.479996
0259783212,195.552002
0259783312,195.623993
0259783412,195.695999
0259783512,195.768005
0259783612,195.839996
0259783712,195.912003
0259783812,195.966003
0259783912,196.037994
0259784012,196.110001
0259784112,196.182007
0259784212,196.253998
0259784312,196.326004
0259784412,196.397995
0259784512,196.470001
0259784612,196.542007
0259784712,196.613998
0259784812,196.686005
0259784912,196.740005
0259785012,196.811996
0259785112,196.884003
0259785212,196.955994
0259785312,197.028000
0259785412,197.100006
0259785512,197.171997
0259785612,197.244003
0259785712,197.315994
0259785812,197.388000
0259785912,197.442001
0259786012,197.514008
0259786112,197.585999
0259786212,197.658005
0259786312,197.729996
0259786412,197.802002
0259786512,197.873993
0259786612,197.945999
0259786712,198.018005
0259786812,198.089996
0259786912,198.162003
0259787012,198.216003
0259787112,198.287994
0259787212,198.360001
0259787312,198.432007
0259787412,198.503998
0259787512,198.576004
0259787612,198.647995
0259787712,198.720001
0259787812,198.792007
0259787912,198.863998
0259788012,198.917999
0259788112,198.972000
0259788212,199.007996
0259788312,199.007996
0259788412,199.044006
0259788512,199.080002
0259788612,199.151993
0259788712,199.223999
0259788812,199.296005
0259788912,199.367996
0259789012,199.440002
0259789112,199.511993
0259789212,199.584000
0259789312,199.638000
0259789412,199.710007
0259789512,199.781998
0259789612,199.854004
0259789712,199.925995
0259789812,199.998001
0259789912,200.070007
0259790012,200.141998
0259790112,200.214005
0259790212,200.285995
0259790312,200.358002
0259790412,200.429993
0259790512,200.483994
0259790612,200.556000
0259790712,200.628006
0259790812,200.699997
0259790912,200.772003
0259791012,200.843994
0259791112,200.916000
0259791212,200.988007
0259791312,201.059998
0259791412,201.113998
0259791512,201.186005
0259791612,201.257996
0259791712,201.330002
0259791812,201.401993
0259791912,201.473999
0259792012,201.546005
0259792112,201.617996
0259792212,201.690002
0259792312,201.761993
0259792412,201.834000
0259792512,201.888000
0259792612,201.960007
0259792712,202.031998
0259792812,202.104004
0259792912,202.175995
0259793012,202.248001
0259793112,202.320007
0259793212,202.391998
0259793312,202.464005
0259793412,202.535995
0259793512,202.589996
0259793612,202.662003
0259793712,202.733994
0259793812,202.806000
0259793912,202.878006
0259794012,202.949997
0259794112,203.022003
0259794212,203.093994
0259794312,203.166000
0259794412,203.238007
0259794512,203.309998
0259794612,203.382004
0259794712,203.436005
0259794812,203.507996
0259794912,203.580002
0259795012,203.651993
0259795112,203.723999
0259795212,203.796005
0259795312,203.867996
0259795412,203.940002
0259795512,204.011993
0259795612,204.084000
0259795712,204.156006
0259795812,204.210007
0259795912,204.281998
0259796012,204.354004
0259796112,204.425995
0259796212,204.498001
0259796312,204.570007
0259796412,204.641998
0259796512,204.714005
0259796612,204.785995
0259796712,204.839996
0259796812,204.912003
0259796912,204.983994
0259797012,205.056000
0259797112,205.128006
0259797212,205.199997
0259797312,205.272003
0259797412,205.343994
0259797512,205.416000
0259797612,205.488007
0259797712,205.559998
0259797812,205.613998
0259797912,205.686005
0259798012,205.757996
0259798112,205.830002
0259798212,205.901993
0259798312,205.973999
0259798412,206.009995
0259798512,206.046005
0259798612,206.046005
0259798712,206.046005
0259798812,206.046005
0259798912,206.046005
0259799012,206.046005
0259799112,206.046005
0259799212,206.046005
0259799312,206.046005
0259799412,206.046005
0259799512,206.046005
0259799612,206.046005
0259799712,206.046005
0259799812,206.046005
0259799912,206.046005
0259800012,206.046005
0259800112,206.046005
0259800212,206.046005
0259800312,206.046005
0259800412,206.046005
0259800512,206.046005
0259800612,206.046005
0259800712,206.046005
0259800812,206.046005
0259800912,206.046005
0259801012,206.046005
0259801112,206.046005
0259801212,206.046005
0259801312,206.046005
0259801412,206.046005
0259801512,206.046005
0259801612,206.046005
0259801712,206.046005
0259801812,206.046005
0259801912,206.046005
0259802012,206.046005
0259802112,206.046005
0259802212,206.046005
0259802312,206.046005
0259802412,206.046005
0259802512,206.046005
0259802612,206.046005
0259802712,206.046005
0259802812,206.046005
0259802912,206.046005
0259803012,206.046005
0259803112,206.046005
0259803212,206.046005
0259803312,206.046005
0259803412,206.046005
0259803512,206.046005
0259803612,206.046005
0259803712,206.046005
0259803812,206.046005
0259803912,206.046005
0259804012,206.046005
0259804112,206.046005
0259804212,206.046005
0259804312,206.046005
0259804412,206.046005
0259804512,206.046005
0259804612,206.046005
0259804712,206.046005
0259804812,206.046005
0259804912,206.046005
0259805012,206.046005
0259805112,206.046005
0259805212,206.046005
0259805312,206.046005
0259805412,206.046005
0259805512,206.046005
0259805612,206.046005
0259805712,206.046005
0259805812,206.046005
0259805912,206.046005
0259806012,206.046005
0259806112,206.046005
0259806212,206.046005
0259806312,206.046005
0259806412,206.046005
0259806512,206.046005
0259806612,206.046005
0259806712,206.046005
0259806812,206.046005
0259806912,206.046005
0259807012,206.046005
0259807112,206.046005
0259807212,206.046005
0259807312,206.046005
0259807412,206.046005
0259807512,206.046005
0259807612,206.046005
0259807712,206.046005
0259807812,206.046005
0259807912,206.046005
0259808012,206.046005
0259808112,206.046005
0259808212,206.046005
0259808312,206.046005
0259808412,206.046005
0259808512,206.046005
0259808612,206.046005
0259808712,206.046005
0259808812,206.046005
0259808912,206.063995
0259809012,206.100006
0259809112,206.154007
0259809212,206.225998
0259809312,206.298004
0259809412,206.352005
0259809512,206.423996
0259809612,206.496002
0259809712,206.567993
0259809812,206.639999
0259809912,206.712006
0259810012,206.783997
0259810112,206.856003
0259810212,206.927994
0259810312,207.000000
0259810412,207.072006
0259810512,207.143997
0259810612,207.216003
0259810712,207.270004
0259810812,207.341995
0259810912,207.414001
0259811012,207.485992
0259811112,207.557999
0259811212,207.630005
0259811312,207.701996
0259811412,207.774002
0259811512,207.845993
0259811612,207.917999
0259811712,207.972000
0259811812,208.044006
0259811912,208.115997
0259812012,208.188004
0259812112,208.259995
0259812212,208.332001
0259812312,208.404007
0259812412,208.475998
0259812512,208.548004
0259812612,208.619995
0259812712,208.673996
0259812812,208.746002
0259812912,208.817993
0259813012,208.889999
0259813112,208.962006
0259813212,209.033997
0259813312,209.106003
0259813412,209.177994
0259813512,209.250000
0259813612,209.322006
0259813712,209.376007
0259813812,209.447998
0259813912,209.520004
0259814012,209.591995
0259814112,209.664001
0259814212,209.735992
0259814312,209.807999
0259814412,209.880005
0259814512,209.951996
0259814612,210.024002
0259814712,210.095993
0259814812,210.167999
0259814912,210.222000
0259815012,210.294006
0259815112,210.365997
0259815212,210.438004
0259815312,210.509995
0259815412,210.582001
0259815512,210.654007
0259815612,210.725998
0259815712,210.798004
0259815812,210.869995
0259815912,210.942001
0259816012,210.996002
0259816112,211.067993
0259816212,211.139999
0259816312,211.212006
0259816412,211.283997
0259816512,211.356003
0259816612,211.427994
0259816712,211.500000
0259816812,211.572006
0259816912,211.643997
0259817012,211.697998
0259817112,211.770004
0259817212,211.841995
0259817312,211.914001
0259817412,211.985992
0259817512,212.057999
0259817612,212.130005
0259817712,212.201996
0259817812,212.274002
0259817912,212.345993
0259818012,212.399994
0259818112,212.472000
0259818212,212.544006
0259818312,212.615997
0259818412,212.688004
0259818512,212.759995
0259818612,212.832001
0259818712,212.904007
0259818812,212.975998
0259818912,213.029999
0259819012,213.065994
0259819112,213.084000
0259819212,213.065994
0259819312,213.065994
0259819412,213.065994
0259819512,213.065994
0259819612,213.048004
0259819712,213.011993
0259819812,212.957993
0259819912,212.904007
0259820012,212.850006
0259820112,212.778000
0259820212,212.705994
0259820312,212.634003
0259820412,212.580002
0259820512,212.507996
0259820612,212.436005
0259820712,212.363998
0259820812,212.292007
0259820912,212.220001
0259821012,212.147995
0259821112,212.076004
0259821212,212.022003
0259821312,211.949997
0259821412,211.878006
0259821512,211.806000
0259821612,211.733994
0259821712,211.662003
0259821812,211.589996
0259821912,211.518005
0259822012,211.445999
0259822112,211.373993
0259822212,211.320007
0259822312,211.248001
0259822412,211.175995
0259822512,211.104004
0259822612,211.031998
0259822712,210.960007
0259822812,210.888000
0259822912,210.815994
0259823012,210.744003
0259823112,210.671997
0259823212,210.600006
0259823312,210.546005
0259823412,210.473999
0259823512,210.401993
0259823612,210.330002
0259823712,210.257996
0259823812,210.186005
0259823912,210.113998
0259824012,210.042007
0259824112,209.970001
0259824212,209.897995
0259824312,209.826004
0259824412,209.772003
0259824512,209.699997
0259824612,209.628006
0259824712,209.556000
0259824812,209.483994
0259824912,209.412003
0259825012,209.339996
0259825112,209.268005
0259825212,209.195999
0259825312,209.123993
0259825412,209.052002
0259825512,208.998001
0259825612,208.925995
0259825712,208.854004
0259825812,208.781998
0259825912,208.710007
0259826012,208.638000
0259826112,208.565994
0259826212,208.494003
0259826312,208.421997
0259826412,208.350006
0259826512,208.296005
0259826612,208.223999
0259826712,208.151993
0259826812,208.080002
0259826912,208.007996
0259827012,207.936005
0259827112,207.863998
0259827212,207.792007
0259827312,207.720001
0259827412,207.666000
0259827512,207.593994
0259827612,207.522003
0259827712,207.449997
0259827812,207.378006
0259827912,207.306000
0259828012,207.233994
0259828112,207.162003
0259828212,207.089996
0259828312,207.018005
0259828412,206.945999
0259828512,206.891998
0259828612,206.820007
0259828712,206.748001
0259828812,206.675995
0259828912,206.604004
0259829012,206.531998
0259829112,206.460007
0259829212,206.406006
0259829312,206.388000
0259829412,206.369995
0259829512,206.352005
0259829612,206.298004
0259829712,206.244003
0259829812,206.171997
0259829912,206.100006
0259830012,206.028000
0259830112,205.955994
0259830212,205.884003
0259830312,205.811996
0259830412,205.740005
0259830512,205.667999
0259830612,205.595993
0259830712,205.524002
0259830812,205.470001
0259830912,205.397995
0259831012,205.326004
0259831112,205.253998
0259831212,205.182007
0259831312,205.110001
0259831412,205.037994
0259831512,204.966003
0259831612,204.893997
0259831712,204.839996
0259831812,204.768005
0259831912,204.695999
0259832012,204.623993
0259832112,204.552002
0259832212,204.479996
0259832312,204.408005
0259832412,204.335999
0259832512,204.264008
0259832612,204.192001
0259832712,204.138000
0259832812,204.065994
0259832912,203.994003
0259833012,203.921997
0259833112,203.850006
0259833212,203.778000
0259833312,203.705994
0259833412,203.634003
0259833512,203.561996
0259833612,203.490005
0259833712,203.417999
0259833812,203.363998
0259833912,203.292007
0259834012,203.220001
0259834112,203.147995
0259834212,203.076004
0259834312,203.003998
0259834412,202.932007
0259834512,202.860001
0259834612,202.787994
0259834712,202.716003
0259834812,202.643997
0259834912,202.589996
0259835012,202.518005
0259835112,202.445999
0259835212,202.373993
0259835312,202.302002
0259835412,202.229996
0259835512,202.158005
0259835612,202.085999
0259835712,202.014008
0259835812,201.942001
0259835912,201.869995
0259836012,201.815994
0259836112,201.744003
0259836212,201.671997
0259836312,201.600006
0259836412,201.528000
0259836512,201.455994
0259836612,201.384003
0259836712,201.311996
0259836812,201.240005
0259836912,201.167999
0259837012,201.113998
0259837112,201.042007
0259837212,200.970001
0259837312,200.897995
0259837412,200.826004
0259837512,200.753998
0259837612,200.682007
0259837712,200.610001
0259837812,200.537994
0259837912,200.483994
0259838012,200.412003
0259838112,200.339996
0259838212,200.268005
0259838312,200.195999
0259838412,200.123993
0259838512,200.052002
0259838612,199.979996
0259838712,199.908005
0259838812,199.835999
0259838912,199.764008
0259839012,199.710007
0259839112,199.638000
0259839212,199.565994
0259839312,199.494003
0259839412,199.421997
0259839512,199.367996
0259839612,199.350006
0259839712,199.350006
0259839812,199.350006
0259839912,199.332001
0259840012,199.332001
0259840112,199.332001
0259840212,199.332001
0259840312,199.332001
0259840412,199.332001
0259840512,199.332001
0259840612,199.332001
0259840712,199.332001
0259840812,199.332001
0259840912,199.332001
0259841012,199.332001
0259841112,199.332001
0259841212,199.332001
0259841312,199.332001
0259841412,199.332001
0259841512,199.332001
0259841612,199.332001
0259841712,199.332001
0259841812,199.332001
0259841912,199.332001
0259842012,199.332001
0259842112,199.332001
0259842212,199.332001
0259842312,199.332001
0259842412,199.332001
0259842512,199.332001
0259842612,199.332001
0259842712,199.332001
0259842812,199.332001
0259842912,199.332001
0259843012,199.332001
0259843112,199.332001
0259843212,199.332001
0259843312,199.332001
0259843412,199.332001
0259843512,199.332001
0259843612,199.332001
0259843712,199.332001
0259843812,199.332001
0259843912,199.332001
0259844012,199.332001
0259844112,199.332001
0259844212,199.332001
0259844312,199.332001
0259844412,199.332001
0259844512,199.332001
0259844612,199.332001
0259844712,199.332001
0259844812,199.332001
0259844912,199.332001
0259845012,199.332001
0259845112,199.332001
0259845212,199.332001
0259845312,199.332001
0259845412,199.332001
0259845512,199.332001
0259845612,199.332001
0259845712,199.332001
0259845812,199.332001
0259845912,199.332001
0259846012,199.332001
0259846112,199.332001
0259846212,199.332001
0259846312,199.332001
0259846412,199.332001
0259846512,199.332001
0259846612,199.332001
0259846712,199.332001
0259846812,199.332001
0259846912,199.332001
0259847012,199.332001
0259847112,199.332001
0259847212,199.332001
0259847312,199.332001
0259847412,199.332001
0259847512,199.332001
0259847612,199.332001
0259847712,199.332001
0259847812,199.332001
0259847912,199.332001
0259848012,199.332001
0259848112,199.332001
0259848212,199.332001
0259848312,199.332001
0259848412,199.332001
0259848512,199.332001
0259848612,199.332001
0259848712,199.332001
0259848812,199.332001
0259848912,199.332001
0259849012,199.332001
0259849112,199.332001
0259849212,199.332001
0259849312,199.332001
0259849412,199.332001
0259849512,199.332001
0259849612,199.332001
0259849712,199.332001
0259849812,199.332001
0259849912,199.332001
0259850012,199.332001
0259850112,199.296005
0259850212,199.242004
0259850312,199.169998
0259850412,199.098007
0259850512,199.026001
0259850612,198.953995
0259850712,198.882004
0259850812,198.809998
0259850912,198.738007
0259851012,198.666000
0259851112,198.612000
0259851212,198.539993
0259851312,198.468002
0259851412,198.395996
0259851512,198.324005
0259851612,198.251999
0259851712,198.179993
0259851812,198.108002
0259851912,198.035995
0259852012,197.964005
0259852112,197.910004
0259852212,197.837997
0259852312,197.766006
0259852412,197.694000
0259852512,197.621994
0259852612,197.550003
0259852712,197.477997
0259852812,197.406006
0259852912,197.334000
0259853012,197.279999
0259853112,197.207993
0259853212,197.136002
0259853312,197.063995
0259853412,196.992004
0259853512,196.919998
0259853612,196.848007
0259853712,196.776001
0259853812,196.703995
0259853912,196.632004
0259854012,196.559998
0259854112,196.505997
0259854212,196.434006
0259854312,196.362000
0259854412,196.289993
0259854512,196.218002
0259854612,196.145996
0259854712,196.074005
0259854812,196.001999
0259854912,195.929993
0259855012,195.858002
0259855112,195.785995
0259855212,195.714005
0259855312,195.641998
0259855412,195.587997
0259855512,195.516006
0259855612,195.444000
0259855712,195.371994
0259855812,195.300003
0259855912,195.227997
0259856012,195.156006
0259856112,195.084000
0259856212,195.011993
0259856312,194.957993
0259856412,194.886002
0259856512,194.813995
0259856612,194.742004
0259856712,194.669998
0259856812,194.598007
0259856912,194.526001
0259857012,194.453995
0259857112,194.382004
0259857212,194.309998
0259857312,194.255997
0259857412,194.184006
0259857512,194.112000
0259857612,194.039993
0259857712,193.968002
0259857812,193.895996
0259857912,193.824005
0259858012,193.751999
0259858112,193.697998
0259858212,193.626007
0259858312,193.554001
0259858412,193.481995
0259858512,193.410004
0259858612,193.337997
0259858712,193.266006
0259858812,193.194000
0259858912,193.121994
0259859012,193.050003
0259859112,192.977997
0259859212,192.923996
0259859312,192.852005
0259859412,192.779999
0259859512,192.707993
0259859612,192.636002
0259859712,192.563995
0259859812,192.492004
0259859912,192.419998
0259860012,192.365997
0259860112,192.330002
0259860212,192.311996
0259860312,192.311996
0259860412,192.311996
0259860512,192.311996
0259860612,192.311996
0259860712,192.311996
0259860812,192.311996
0259860912,192.311996
0259861012,192.311996
0259861112,192.311996
0259861212,192.311996
0259861312,192.311996
0259861412,192.311996
0259861512,192.311996
0259861612,192.311996
0259861712,192.311996
0259861812,192.311996
0259861912,192.311996
0259862012,192.311996
0259862112,192.311996
0259862212,192.311996
0259862312,192.311996
0259862412,192.311996
0259862512,192.311996
0259862612,192.311996
0259862712,192.311996
0259862812,192.311996
0259862912,192.311996
0259863012,192.311996
0259863112,192.311996
0259863212,192.311996
0259863312,192.311996
0259863412,192.311996
0259863512,192.311996
0259863612,192.311996
0259863712,192.311996
0259863812,192.311996
0259863912,192.311996
0259864012,192.311996
0259864112,192.311996
0259864212,192.311996
0259864312,192.311996
0259864412,192.311996
0259864512,192.311996
0259864612,192.311996
0259864712,192.311996
0259864812,192.311996
0259864912,192.311996
0259865012,192.311996
0259865112,192.311996
0259865212,192.311996
0259865312,192.311996
0259865412,192.311996
0259865512,192.311996
0259865612,192.311996
0259865712,192.311996
0259865812,192.311996
0259865912,192.311996
0259866012,192.311996
0259866112,192.311996
0259866212,192.311996
0259866312,192.311996
0259866412,192.311996
0259866512,192.311996
0259866612,192.311996
0259866712,192.311996
0259866812,192.311996
0259866912,192.311996
0259867012,192.311996
0259867112,192.311996
0259867212,192.311996
0259867312,192.311996
0259867412,192.311996
0259867512,192.311996
0259867612,192.311996
0259867712,192.311996
0259867812,192.311996
0259867912,192.311996
0259868012,192.311996
0259868112,192.311996
0259868212,192.311996
0259868312,192.311996
0259868412,192.311996
0259868512,192.311996
0259868612,192.311996
0259868712,192.311996
0259868812,192.311996
0259868912,192.311996
0259869012,192.311996
0259869112,192.311996
0259869212,192.311996
0259869312,192.311996
0259869412,192.311996
0259869512,192.311996
0259869612,192.311996
0259869712,192.311996
0259869812,192.311996
0259869912,192.311996
0259870012,192.311996
0259870112,192.311996
0259870212,192.311996
0259870312,192.311996
0259870412,192.311996
0259870512,192.311996
0259870612,192.311996
0259870712,192.311996
0259870812,192.311996
0259870912,192.311996
0259871012,192.348007
0259871112,192.384003
0259871212,192.438004
0259871312,192.492004
0259871412,192.563995
0259871512,192.617996
0259871612,192.690002
0259871712,192.761993
0259871812,192.815994
0259871912,192.888000
0259872012,192.960007
0259872112,193.031998
0259872212,193.104004
0259872312,193.175995
0259872412,193.248001
0259872512,193.320007
0259872612,193.391998
0259872712,193.445999
0259872812,193.518005
0259872912,193.589996
0259873012,193.662003
0259873112,193.733994
0259873212,193.806000
0259873312,193.878006
0259873412,193.949997
0259873512,194.022003
0259873612,194.093994
0259873712,194.166000
0259873812,194.220001
0259873912,194.292007
0259874012,194.363998
0259874112,194.436005
0259874212,194.507996
0259874312,194.580002
0259874412,194.651993
0259874512,194.723999
0259874612,194.796005
0259874712,194.867996
0259874812,194.921997
0259874912,194.994003
0259875012,195.065994
0259875112,195.138000
0259875212,195.210007
0259875312,195.281998
0259875412,195.354004
0259875512,195.425995
0259875612,195.498001
0259875712,195.570007
0259875812,195.641998
0259875912,195.695999
0259876012,195.768005
0259876112,195.839996
0259876212,195.912003
0259876312,195.983994
0259876412,196.056000
0259876512,196.128006
0259876612,196.199997
0259876712,196.272003
0259876812,196.343994
0259876912,196.416000
0259877012,196.470001
0259877112,196.542007
0259877212,196.613998
0259877312,196.686005
0259877412,196.757996
0259877512,196.830002
0259877612,196.901993
0259877712,196.973999
0259877812,197.046005
0259877912,197.117996
0259878012,197.190002
0259878112,197.244003
0259878212,197.315994
0259878312,197.388000
0259878412,197.460007
0259878512,197.531998
0259878612,197.604004
0259878712,197.675995
0259878812,197.748001
0259878912,197.820007
0259879012,197.891998
0259879112,197.964005
0259879212,198.018005
0259879312,198.089996
0259879412,198.162003
0259879512,198.233994
0259879612,198.306000
0259879712,198.378006
0259879812,198.449997
0259879912,198.522003
0259880012,198.593994
0259880112,198.666000
0259880212,198.738007
0259880312,198.792007
0259880412,198.863998
0259880512,198.936005
0259880612,198.972000
0259880712,199.007996
0259880812,199.007996
0259880912,199.044006
0259881012,199.098007
0259881112,199.169998
0259881212,199.242004
0259881312,199.313995
0259881412,199.386002
0259881512,199.440002
0259881612,199.511993
0259881712,199.584000
0259881812,199.656006
0259881912,199.727997
0259882012,199.800003
0259882112,199.871994
0259882212,199.944000
0259882312,200.016006
0259882412,200.087997
0259882512,200.160004
0259882612,200.214005
0259882712,200.285995
0259882812,200.358002
0259882912,200.429993
0259883012,200.501999
0259883112,200.574005
0259883212,200.645996
0259883312,200.718002
0259883412,200.789993
0259883512,200.862000
0259883612,200.934006
0259883712,200.988007
0259883812,201.059998
0259883912,201.132004
0259884012,201.203995
0259884112,201.276001
0259884212,201.348007
0259884312,201.419998
0259884412,201.492004
0259884512,201.563995
0259884612,201.636002
0259884712,201.707993
0259884812,201.761993
0259884912,201.834000
0259885012,201.906006
0259885112,201.977997
0259885212,202.050003
0259885312,202.121994
0259885412,202.194000
0259885512,202.266006
0259885612,202.337997
0259885712,202.391998
0259885812,202.464005
0259885912,202.535995
0259886012,202.608002
0259886112,202.679993
0259886212,202.751999
0259886312,202.824005
0259886412,202.895996
0259886512,202.968002
0259886612,203.039993
0259886712,203.112000
0259886812,203.184006
0259886912,203.238007
0259887012,203.309998
0259887112,203.382004
0259887212,203.453995
0259887312,203.526001
0259887412,203.598007
0259887512,203.669998
0259887612,203.742004
0259887712,203.813995
0259887812,203.886002
0259887912,203.957993
0259888012,204.011993
0259888112,204.084000
0259888212,204.156006
0259888312,204.227997
0259888412,204.300003
0259888512,204.371994
0259888612,204.444000
0259888712,204.516006
0259888812,204.587997
0259888912,204.660004
0259889012,204.714005
0259889112,204.785995
0259889212,204.858002
0259889312,204.929993
0259889412,205.001999
0259889512,205.074005
0259889612,205.145996
0259889712,205.218002
0259889812,205.289993
0259889912,205.362000
0259890012,205.416000
0259890112,205.488007
0259890212,205.559998
0259890312,205.632004
0259890412,205.703995
0259890512,205.776001
0259890612,205.848007
0259890712,205.919998
0259890812,205.973999
0259890912,206.028000
0259891012,206.046005
0259891112,206.063995
0259891212,206.100006
0259891312,206.154007
0259891412,206.225998
0259891512,206.279999
0259891612,206.352005
0259891712,206.423996
0259891812,206.496002
0259891912,206.567993
0259892012,206.639999
0259892112,206.712006
0259892212,206.783997
0259892312,206.856003
0259892412,206.927994
0259892512,207.000000
0259892612,207.072006
0259892712,207.143997
0259892812,207.197998
0259892912,207.270004
0259893012,207.341995
0259893112,207.414001
0259893212,207.485992
0259893312,207.557999
0259893412,207.630005
0259893512,207.701996
0259893612,207.774002
0259893712,207.845993
0259893812,207.917999
0259893912,207.972000
0259894012,208.044006
0259894112,208.115997
0259894212,208.188004
0259894312,208.259995
0259894412,208.332001
0259894512,208.404007
0259894612,208.475998
0259894712,208.548004
0259894812,208.619995
0259894912,208.673996
0259895012,208.746002
0259895112,208.817993
0259895212,208.889999
0259895312,208.962006
0259895412,209.033997
0259895512,209.106003
0259895612,209.177994
0259895712,209.250000
0259895812,209.322006
0259895912,209.376007
0259896012,209.447998
0259896112,209.520004
0259896212,209.591995
0259896312,209.664001
0259896412,209.735992
0259896512,209.807999
0259896612,209.880005
0259896712,209.951996
0259896812,210.024002
0259896912,210.095993
0259897012,210.149994
0259897112,210.222000
0259897212,210.294006
0259897312,210.365997
0259897412,210.438004
0259897512,210.509995
0259897612,210.582001
0259897712,210.654007
0259897812,210.725998
0259897912,210.798004
0259898012,210.869995
0259898112,210.923996
0259898212,210.996002
0259898312,211.067993
0259898412,211.139999
0259898512,211.212006
0259898612,211.283997
0259898712,211.356003
0259898812,211.427994
0259898912,211.500000
0259899012,211.572006
0259899112,211.643997
0259899212,211.697998
0259899312,211.770004
0259899412,211.841995
0259899512,211.914001
0259899612,211.985992
0259899712,212.057999
0259899812,212.130005
0259899912,212.201996
0259900012,212.274002
0259900112,212.345993
0259900212,212.399994
0259900312,212.472000
0259900412,212.544006
0259900512,212.615997
0259900612,212.688004
0259900712,212.759995
0259900812,212.832001
0259900912,212.904007
0259901012,212.975998
0259901112,213.029999
0259901212,213.065994
0259901312,213.084000
0259901412,213.084000
0259901512,213.084000
0259901612,213.084000
0259901712,213.084000
0259901812,213.084000
0259901912,213.084000
0259902012,213.084000
0259902112,213.084000
0259902212,213.084000
0259902312,213.084000
0259902412,213.084000
0259902512,213.119995
0259902612,213.173996
0259902712,213.264008
0259902812,213.354004
0259902912,213.462006
0259903012,213.570007
0259903112,213.660004
0259903212,213.768005
0259903312,213.876007
0259903412,213.983994
0259903512,214.091995
0259903612,214.199997
0259903712,214.307999
0259903812,214.397995
0259903912,214.505997
0259904012,214.613998
0259904112,214.722000
0259904212,214.830002
0259904312,214.938004
0259904412,215.046005
0259904512,215.136002
0259904612,215.244003
0259904712,215.352005
0259904812,215.460007
0259904912,215.567993
0259905012,215.675995
0259905112,215.783997
0259905212,215.873993
0259905312,215.981995
0259905412,216.089996
0259905512,216.197998
0259905612,216.306000
0259905712,216.414001
0259905812,216.522003
0259905912,216.612000
0259906012,216.720001
0259906112,216.828003
0259906212,216.936005
0259906312,217.044006
0259906412,217.151993
0259906512,217.259995
0259906612,217.350006
0259906712,217.457993
0259906812,217.565994
0259906912,217.673996
0259907012,217.781998
0259907112,217.889999
0259907212,217.998001
0259907312,218.087997
0259907412,218.195999
0259907512,218.304001
0259907612,218.412003
0259907712,218.520004
0259907812,218.628006
0259907912,218.735992
0259908012,218.826004
0259908112,218.934006
0259908212,219.042007
0259908312,219.149994
0259908412,219.257996
0259908512,219.365997
0259908612,219.473999
0259908712,219.563995
0259908812,219.671997
0259908912,219.779999
0259909012,219.888000
0259909112,219.996002
0259909212,220.104004
0259909312,220.212006
0259909412,220.302002
0259909512,220.410004
0259909612,220.518005
0259909712,220.626007
0259909812,220.733994
0259909912,220.841995
0259910012,220.949997
0259910112,221.039993
0259910212,221.147995
0259910312,221.255997
0259910412,221.363998
0259910512,221.472000
0259910612,221.561996
0259910712,221.634003
0259910812,221.688004
0259910912,221.723999
0259911012,221.742004
0259911112,221.742004
0259911212,221.742004
0259911312,221.742004
0259911412,221.742004
0259911512,221.742004
0259911612,221.742004
0259911712,221.742004
0259911812,221.742004
0259911912,221.742004
0259912012,221.742004
0259912112,221.742004
0259912212,221.742004
0259912312,221.742004
0259912412,221.742004
0259912512,221.742004
0259912612,221.742004
0259912712,221.742004
0259912812,221.742004
0259912912,221.742004
0259913012,221.742004
0259913112,221.742004
0259913212,221.742004
0259913312,221.742004
0259913412,221.742004
0259913512,221.742004
0259913612,221.742004
0259913712,221.742004
0259913812,221.742004
0259913912,221.742004
0259914012,221.723999
0259914112,221.723999
0259914212,221.723999
0259914312,221.723999
0259914412,221.723999
0259914512,221.723999
0259914612,221.723999
0259914712,221.705994
0259914812,221.705994
0259914912,221.705994
0259915012,221.705994
0259915112,221.705994
0259915212,221.688004
0259915312,221.688004
0259915412,221.688004
0259915512,221.688004
0259915612,221.669998
0259915712,221.669998
0259915812,221.669998
0259915912,221.669998
0259916012,221.651993
0259916112,221.651993
0259916212,221.651993
0259916312,221.634003
0259916412,221.634003
0259916512,221.634003
0259916612,221.615997
0259916712,221.615997
0259916812,221.615997
0259916912,221.598007
0259917012,221.598007
0259917112,221.598007
0259917212,221.580002
0259917312,221.580002
0259917412,221.561996
0259917512,221.561996
0259917612,221.561996
0259917712,221.544006
0259917812,221.544006
0259917912,221.544006
0259918012,221.526001
0259918112,221.526001
0259918212,221.507996
0259918312,221.507996
0259918412,221.507996
0259918512,221.490005
0259918612,221.490005
0259918712,221.490005
0259918812,221.472000
0259918912,221.472000
0259919012,221.453995
0259919112,221.453995
0259919212,221.453995
0259919312,221.436005
0259919412,221.436005
0259919512,221.436005
0259919612,221.417999
0259919712,221.417999
0259919812,221.399994
0259919912,221.399994
0259920012,221.399994
0259920112,221.382004
0259920212,221.382004
0259920312,221.363998
0259920412,221.363998
0259920512,221.363998
0259920612,221.345993
0259920712,221.345993
0259920812,221.345993
0259920912,221.328003
0259921012,221.328003
0259921112,221.309998
0259921212,221.309998
0259921312,221.309998
0259921412,221.292007
0259921512,221.292007
0259921612,221.274002
0259921712,221.274002
0259921812,221.274002
0259921912,221.255997
0259922012,221.255997
0259922112,221.255997
0259922212,221.238007
0259922312,221.238007
0259922412,221.220001
0259922512,221.220001
0259922612,221.220001
0259922712,221.201996
0259922812,221.201996
0259922912,221.184006
0259923012,221.184006
0259923112,221.184006
0259923212,221.166000
0259923312,221.166000
0259923412,221.166000
0259923512,221.147995
0259923612,221.147995
0259923712,221.130005
0259923812,221.130005
0259923912,221.130005
0259924012,221.112000
0259924112,221.112000
0259924212,221.112000
0259924312,221.093994
0259924412,221.093994
0259924512,221.076004
0259924612,221.076004
0259924712,221.076004
0259924812,221.057999
0259924912,221.057999
0259925012,221.039993
0259925112,221.039993
0259925212,221.039993
0259925312,221.022003
0259925412,221.022003
0259925512,221.022003
0259925612,221.003998
0259925712,221.003998
0259925812,220.985992
0259925912,220.985992
0259926012,220.985992
0259926112,220.968002
0259926212,220.968002
0259926312,220.949997
0259926412,220.949997
0259926512,220.949997
0259926612,220.932007
0259926712,220.932007
0259926812,220.914001
0259926912,220.914001
0259927012,220.914001
0259927112,220.895996
0259927212,220.895996
0259927312,220.895996
0259927412,220.878006
0259927512,220.878006
0259927612,220.860001
0259927712,220.860001
0259927812,220.860001
0259927912,220.841995
0259928012,220.841995
0259928112,220.824005
0259928212,220.824005
0259928312,220.824005
0259928412,220.806000
0259928512,220.806000
0259928612,220.787994
0259928712,220.787994
0259928812,220.787994
0259928912,220.770004
0259929012,220.770004
0259929112,220.770004
0259929212,220.751999
0259929312,220.751999
0259929412,220.733994
0259929512,220.733994
0259929612,220.733994
0259929712,220.716003
0259929812,220.716003
0259929912,220.697998
0259930012,220.697998
0259930112,220.697998
0259930212,220.679993
0259930312,220.679993
0259930412,220.662003
0259930512,220.662003
0259930612,220.662003
0259930712,220.643997
0259930812,220.643997
0259930912,220.643997
0259931012,220.626007
0259931112,220.626007
0259931212,220.608002
0259931312,220.608002
0259931412,220.608002
0259931512,220.589996
0259931612,220.589996
0259931712,220.572006
0259931812,220.572006
0259931912,220.572006
0259932012,220.554001
0259932112,220.554001
0259932212,220.535995
0259932312,220.535995
0259932412,220.535995
0259932512,220.518005
0259932612,220.518005
0259932712,220.500000
0259932812,220.500000
0259932912,220.500000
0259933012,220.481995
0259933112,220.481995
0259933212,220.464005
0259933312,220.464005
0259933412,220.464005
0259933512,220.445999
0259933612,220.445999
0259933712,220.445999
0259933812,220.427994
0259933912,220.427994
0259934012,220.410004
0259934112,220.410004
0259934212,220.410004
0259934312,220.391998
0259934412,220.391998
0259934512,220.373993
0259934612,220.373993
0259934712,220.373993
0259934812,220.356003
0259934912,220.356003
0259935012,220.356003
0259935112,220.356003
0259935212,220.356003
0259935312,220.356003
0259935412,220.356003
0259935512,220.356003
0259935612,220.356003
0259935712,220.356003
0259935812,220.356003
0259935912,220.356003
0259936012,220.356003
0259936112,220.356003
0259936212,220.356003
0259936312,220.356003
0259936412,220.356003
0259936512,220.356003
0259936612,220.356003
0259936712,220.356003
0259936812,220.356003
0259936912,220.356003
0259937012,220.356003
0259937112,220.356003
0259937212,220.356003
0259937312,220.356003
0259937412,220.356003
0259937512,220.356003
0259937612,220.356003
0259937712,220.356003
0259937812,220.356003
0259937912,220.356003
0259938012,220.356003
0259938112,220.356003
0259938212,220.356003
0259938312,220.356003
0259938412,220.356003
0259938512,220.356003
0259938612,220.356003
0259938712,220.356003
0259938812,220.356003
0259938912,220.356003
0259939012,220.356003
0259939112,220.356003
0259939212,220.356003
0259939312,220.356003
0259939412,220.356003
0259939512,220.356003
0259939612,220.356003
0259939712,220.356003
0259939812,220.356003
0259939912,220.356003
0259940012,220.356003
0259940112,220.356003
0259940212,220.356003
0259940312,220.356003
0259940412,220.356003
0259940512,220.356003
0259940612,220.356003
0259940712,220.356003
0259940812,220.356003
0259940912,220.356003
0259941012,220.356003
0259941112,220.356003
0259941212,220.356003
0259941312,220.356003
0259941412,220.356003
0259941512,220.356003
0259941612,220.356003
0259941712,220.356003
0259941812,220.356003
0259941912,220.356003
0259942012,220.356003
0259942112,220.356003
0259942212,220.356003
0259942312,220.356003
0259942412,220.356003
0259942512,220.356003
0259942612,220.356003
0259942712,220.356003
0259942812,220.356003
0259942912,220.356003
0259943012,220.356003
0259943112,220.356003
0259943212,220.356003
0259943312,220.356003
0259943412,220.356003
0259943512,220.356003
0259943612,220.356003
0259943712,220.356003
0259943812,220.356003
0259943912,220.356003
0259944012,220.356003
0259944112,220.356003
0259944212,220.356003
0259944312,220.356003
0259944412,220.356003
0259944512,220.356003
0259944612,220.356003
0259944712,220.356003
0259944812,220.356003
0259944912,220.356003
0259945012,220.356003
0259945112,220.356003
0259945212,220.356003
0259945312,220.356003
0259945412,220.356003
0259945512,220.356003
0259945612,220.356003
0259945712,220.356003
0259945812,220.356003
0259945912,220.356003
0259946012,220.356003
0259946112,220.356003
0259946212,220.356003
0259946312,220.356003
0259946412,220.356003
0259946512,220.356003
0259946612,220.356003
0259946712,220.356003
0259946812,220.356003
0259946912,220.356003
0259947012,220.356003
0259947112,220.356003
0259947212,220.356003
0259947312,220.356003
0259947412,220.356003
0259947512,220.356003
0259947612,220.356003
0259947712,220.356003
0259947812,220.356003
0259947912,220.356003
0259948012,220.356003
0259948112,220.356003
0259948212,220.356003
0259948312,220.356003
0259948412,220.356003
0259948512,220.356003
0259948612,220.356003
0259948712,220.356003
0259948812,220.356003
0259948912,220.356003
0259949012,220.356003
0259949112,220.356003
0259949212,220.356003
0259949312,220.356003
0259949412,220.356003
0259949512,220.356003
0259949612,220.356003
0259949712,220.356003
0259949812,220.356003
0259949912,220.356003
0259950012,220.356003
0259950112,220.356003
0259950212,220.356003
0259950312,220.356003
0259950412,220.356003
0259950512,220.356003
0259950612,220.356003
0259950712,220.356003
0259950812,220.356003
0259950912,220.356003
0259951012,220.356003
0259951112,220.356003
0259951212,220.356003
0259951312,220.356003
0259951412,220.356003
0259951512,220.356003
0259951612,220.356003
0259951712,220.356003
0259951812,220.356003
0259951912,220.356003
0259952012,220.356003
0259952112,220.356003
0259952212,220.356003
0259952312,220.356003

Stopped on user request
